C1M1	1	0.00	2	1 0.400 2 0.600
C1M2	1	1.67	2	1 0.400 2 0.600
C1M3	1	3.34	2	1 0.400 2 0.600
C1M4	1	5.01	2	1 0.400 2 0.600
C1M5	1	6.68	2	1 0.400 2 0.600
C1M6	1	8.35	2	1 0.400 2 0.600
C1M7	1	10.02	2	1 0.400 2 0.600
C1M8	1	11.69	2	1 0.400 2 0.600
C1M9	1	13.36	2	1 0.400 2 0.600
C1M10	1	15.03	2	1 0.400 2 0.600
C1M11	1	16.70	2	1 0.400 2 0.600
C1M12	1	18.37	2	1 0.400 2 0.600
C1M13	1	20.04	2	1 0.400 2 0.600
C1M14	1	21.71	2	1 0.400 2 0.600
C1M15	1	23.38	2	1 0.400 2 0.600
C1M16	1	25.05	2	1 0.400 2 0.600
C1M17	1	26.72	2	1 0.400 2 0.600
C1M18	1	28.39	2	1 0.400 2 0.600
C1M19	1	30.06	2	1 0.400 2 0.600
C1M20	1	31.73	2	1 0.400 2 0.600
C1M21	1	33.40	2	1 0.400 2 0.600
C1M22	1	35.07	2	1 0.400 2 0.600
C1M23	1	36.74	2	1 0.400 2 0.600
C1M24	1	38.41	2	1 0.400 2 0.600
C1M25	1	40.08	2	1 0.400 2 0.600
C1M26	1	41.75	2	1 0.400 2 0.600
C1M27	1	43.42	2	1 0.400 2 0.600
C1M28	1	45.09	2	1 0.400 2 0.600
C1M29	1	46.76	2	1 0.400 2 0.600
C1M30	1	48.43	2	1 0.400 2 0.600
C1M31	1	50.10	2	1 0.400 2 0.600
C1M32	1	51.77	2	1 0.400 2 0.600
C1M33	1	53.44	2	1 0.400 2 0.600
C1M34	1	55.11	2	1 0.400 2 0.600
C1M35	1	56.78	2	1 0.400 2 0.600
C1M36	1	58.45	2	1 0.400 2 0.600
C1M37	1	60.12	2	1 0.400 2 0.600
C1M38	1	61.79	2	1 0.400 2 0.600
C1M39	1	63.46	2	1 0.400 2 0.600
C1M40	1	65.13	2	1 0.400 2 0.600
C1M41	1	66.80	2	1 0.400 2 0.600
C1M42	1	68.47	2	1 0.400 2 0.600
C1M43	1	70.14	2	1 0.400 2 0.600
C1M44	1	71.81	2	1 0.400 2 0.600
C1M45	1	73.48	2	1 0.400 2 0.600
C1M46	1	75.15	2	1 0.400 2 0.600
C1M47	1	76.82	2	1 0.400 2 0.600
C1M48	1	78.49	2	1 0.400 2 0.600
C1M49	1	80.16	2	1 0.400 2 0.600
C1M50	1	81.83	2	1 0.400 2 0.600
C1M51	1	83.50	2	1 0.400 2 0.600
C1M52	1	85.17	2	1 0.400 2 0.600
C1M53	1	86.84	2	1 0.400 2 0.600
C1M54	1	88.51	2	1 0.400 2 0.600
C1M55	1	90.18	2	1 0.400 2 0.600
C1M56	1	91.85	2	1 0.400 2 0.600
C1M57	1	93.52	2	1 0.400 2 0.600
C1M58	1	95.19	2	1 0.400 2 0.600
C1M59	1	96.86	2	1 0.400 2 0.600
C1M60	1	98.53	2	1 0.400 2 0.600
C1M61	1	100.20	2	1 0.400 2 0.600
C1M62	1	101.87	2	1 0.400 2 0.600
C1M63	1	103.54	2	1 0.400 2 0.600
C1M64	1	105.21	2	1 0.400 2 0.600
C1M65	1	106.88	2	1 0.400 2 0.600
C1M66	1	108.55	2	1 0.400 2 0.600
C1M67	1	110.22	2	1 0.400 2 0.600
C1M68	1	111.89	2	1 0.400 2 0.600
C1M69	1	113.56	2	1 0.400 2 0.600
C1M70	1	115.23	2	1 0.400 2 0.600
C1M71	1	116.90	2	1 0.400 2 0.600
C1M72	1	118.57	2	1 0.400 2 0.600
C1M73	1	120.24	2	1 0.400 2 0.600
C1M74	1	121.91	2	1 0.400 2 0.600
C1M75	1	123.58	2	1 0.400 2 0.600
C1M76	1	125.25	2	1 0.400 2 0.600
C1M77	1	126.92	2	1 0.400 2 0.600
C1M78	1	128.59	2	1 0.400 2 0.600
C1M79	1	130.26	2	1 0.400 2 0.600
C1M80	1	131.93	2	1 0.400 2 0.600
C1M81	1	133.60	2	1 0.400 2 0.600
C1M82	1	135.27	2	1 0.400 2 0.600
C1M83	1	136.94	2	1 0.400 2 0.600
C1M84	1	138.61	2	1 0.400 2 0.600
C1M85	1	140.28	2	1 0.400 2 0.600
C1M86	1	141.95	2	1 0.400 2 0.600
C1M87	1	143.62	2	1 0.400 2 0.600
C1M88	1	145.29	2	1 0.400 2 0.600
C1M89	1	146.96	2	1 0.400 2 0.600
C1M90	1	148.63	2	1 0.400 2 0.600
C1M91	1	150.30	2	1 0.400 2 0.600
C1M92	1	151.97	2	1 0.400 2 0.600
C1M93	1	153.64	2	1 0.400 2 0.600
C1M94	1	155.31	2	1 0.400 2 0.600
C1M95	1	156.98	2	1 0.400 2 0.600
C1M96	1	158.65	2	1 0.400 2 0.600
C1M97	1	160.32	2	1 0.400 2 0.600
C1M98	1	161.99	2	1 0.400 2 0.600
C1M99	1	163.66	2	1 0.400 2 0.600
C1M100	1	165.33	2	1 0.400 2 0.600
C1M101	1	167.00	2	1 0.400 2 0.600
C1M102	1	168.67	2	1 0.400 2 0.600
C1M103	1	170.34	2	1 0.400 2 0.600
C1M104	1	172.01	2	1 0.400 2 0.600
C1M105	1	173.68	2	1 0.400 2 0.600
C1M106	1	175.35	2	1 0.400 2 0.600
C1M107	1	177.02	2	1 0.400 2 0.600
C1M108	1	178.69	2	1 0.400 2 0.600
C1M109	1	180.36	2	1 0.400 2 0.600
C1M110	1	182.03	2	1 0.400 2 0.600
C1M111	1	183.70	2	1 0.400 2 0.600
C1M112	1	185.37	2	1 0.400 2 0.600
C1M113	1	187.04	2	1 0.400 2 0.600
C1M114	1	188.71	2	1 0.400 2 0.600
C1M115	1	190.38	2	1 0.400 2 0.600
C1M116	1	192.05	2	1 0.400 2 0.600
C1M117	1	193.72	2	1 0.400 2 0.600
C1M118	1	195.39	2	1 0.400 2 0.600
C1M119	1	197.06	2	1 0.400 2 0.600
C1M120	1	198.73	2	1 0.400 2 0.600
C1M121	1	200.40	2	1 0.400 2 0.600
C1M122	1	202.07	2	1 0.400 2 0.600
C1M123	1	203.74	2	1 0.400 2 0.600
C1M124	1	205.41	2	1 0.400 2 0.600
C1M125	1	207.08	2	1 0.400 2 0.600
C1M126	1	208.75	2	1 0.400 2 0.600
C1M127	1	210.42	2	1 0.400 2 0.600
C1M128	1	212.09	2	1 0.400 2 0.600
C1M129	1	213.76	2	1 0.400 2 0.600
C1M130	1	215.43	2	1 0.400 2 0.600
C1M131	1	217.10	2	1 0.400 2 0.600
C1M132	1	218.77	2	1 0.400 2 0.600
C1M133	1	220.44	2	1 0.400 2 0.600
C1M134	1	222.11	2	1 0.400 2 0.600
C1M135	1	223.78	2	1 0.400 2 0.600
C1M136	1	225.45	2	1 0.400 2 0.600
C1M137	1	227.12	2	1 0.400 2 0.600
C1M138	1	228.79	2	1 0.400 2 0.600
C1M139	1	230.46	2	1 0.400 2 0.600
C1M140	1	232.13	2	1 0.400 2 0.600
C1M141	1	233.80	2	1 0.400 2 0.600
C1M142	1	235.47	2	1 0.400 2 0.600
C1M143	1	237.14	2	1 0.400 2 0.600
C1M144	1	238.81	2	1 0.400 2 0.600
C1M145	1	240.48	2	1 0.400 2 0.600
C1M146	1	242.15	2	1 0.400 2 0.600
C1M147	1	243.82	2	1 0.400 2 0.600
C1M148	1	245.49	2	1 0.400 2 0.600
C1M149	1	247.16	2	1 0.400 2 0.600
C1M150	1	248.83	2	1 0.400 2 0.600
C1M151	1	250.50	2	1 0.400 2 0.600
C1M152	1	252.17	2	1 0.400 2 0.600
C1M153	1	253.84	2	1 0.400 2 0.600
C1M154	1	255.51	2	1 0.400 2 0.600
C1M155	1	257.18	2	1 0.400 2 0.600
C1M156	1	258.85	2	1 0.400 2 0.600
C1M157	1	260.52	2	1 0.400 2 0.600
C1M158	1	262.19	2	1 0.400 2 0.600
C1M159	1	263.86	2	1 0.400 2 0.600
C1M160	1	265.53	2	1 0.400 2 0.600
C1M161	1	267.20	2	1 0.400 2 0.600
C1M162	1	268.87	2	1 0.400 2 0.600
C1M163	1	270.54	2	1 0.400 2 0.600
C1M164	1	272.21	2	1 0.400 2 0.600
C1M165	1	273.88	2	1 0.400 2 0.600
C1M166	1	275.55	2	1 0.400 2 0.600
C1M167	1	277.22	2	1 0.400 2 0.600
C1M168	1	278.89	2	1 0.400 2 0.600
C1M169	1	280.56	2	1 0.400 2 0.600
C1M170	1	282.23	2	1 0.400 2 0.600
C1M171	1	283.90	2	1 0.400 2 0.600
C1M172	1	285.57	2	1 0.400 2 0.600
C1M173	1	287.24	2	1 0.400 2 0.600
C1M174	1	288.91	2	1 0.400 2 0.600
C1M175	1	290.58	2	1 0.400 2 0.600
C1M176	1	292.25	2	1 0.400 2 0.600
C1M177	1	293.92	2	1 0.400 2 0.600
C1M178	1	295.59	2	1 0.400 2 0.600
C1M179	1	297.26	2	1 0.400 2 0.600
C1M180	1	298.93	2	1 0.400 2 0.600
C1M181	1	300.60	2	1 0.400 2 0.600
C2M1	2	0.00	2	1 0.400 2 0.600
C2M2	2	1.67	2	1 0.400 2 0.600
C2M3	2	3.34	2	1 0.400 2 0.600
C2M4	2	5.01	2	1 0.400 2 0.600
C2M5	2	6.68	2	1 0.400 2 0.600
C2M6	2	8.35	2	1 0.400 2 0.600
C2M7	2	10.02	2	1 0.400 2 0.600
C2M8	2	11.69	2	1 0.400 2 0.600
C2M9	2	13.36	2	1 0.400 2 0.600
C2M10	2	15.03	2	1 0.400 2 0.600
C2M11	2	16.70	2	1 0.400 2 0.600
C2M12	2	18.37	2	1 0.400 2 0.600
C2M13	2	20.04	2	1 0.400 2 0.600
C2M14	2	21.71	2	1 0.400 2 0.600
C2M15	2	23.38	2	1 0.400 2 0.600
C2M16	2	25.05	2	1 0.400 2 0.600
C2M17	2	26.72	2	1 0.400 2 0.600
C2M18	2	28.39	2	1 0.400 2 0.600
C2M19	2	30.06	2	1 0.400 2 0.600
C2M20	2	31.73	2	1 0.400 2 0.600
C2M21	2	33.40	2	1 0.400 2 0.600
C2M22	2	35.07	2	1 0.400 2 0.600
C2M23	2	36.74	2	1 0.400 2 0.600
C2M24	2	38.41	2	1 0.400 2 0.600
C2M25	2	40.08	2	1 0.400 2 0.600
C2M26	2	41.75	2	1 0.400 2 0.600
C2M27	2	43.42	2	1 0.400 2 0.600
C2M28	2	45.09	2	1 0.400 2 0.600
C2M29	2	46.76	2	1 0.400 2 0.600
C2M30	2	48.43	2	1 0.400 2 0.600
C2M31	2	50.10	2	1 0.400 2 0.600
C2M32	2	51.77	2	1 0.400 2 0.600
C2M33	2	53.44	2	1 0.400 2 0.600
C2M34	2	55.11	2	1 0.400 2 0.600
C2M35	2	56.78	2	1 0.400 2 0.600
C2M36	2	58.45	2	1 0.400 2 0.600
C2M37	2	60.12	2	1 0.400 2 0.600
C2M38	2	61.79	2	1 0.400 2 0.600
C2M39	2	63.46	2	1 0.400 2 0.600
C2M40	2	65.13	2	1 0.400 2 0.600
C2M41	2	66.80	2	1 0.400 2 0.600
C2M42	2	68.47	2	1 0.400 2 0.600
C2M43	2	70.14	2	1 0.400 2 0.600
C2M44	2	71.81	2	1 0.400 2 0.600
C2M45	2	73.48	2	1 0.400 2 0.600
C2M46	2	75.15	2	1 0.400 2 0.600
C2M47	2	76.82	2	1 0.400 2 0.600
C2M48	2	78.49	2	1 0.400 2 0.600
C2M49	2	80.16	2	1 0.400 2 0.600
C2M50	2	81.83	2	1 0.400 2 0.600
C2M51	2	83.50	2	1 0.400 2 0.600
C2M52	2	85.17	2	1 0.400 2 0.600
C2M53	2	86.84	2	1 0.400 2 0.600
C2M54	2	88.51	2	1 0.400 2 0.600
C2M55	2	90.18	2	1 0.400 2 0.600
C2M56	2	91.85	2	1 0.400 2 0.600
C2M57	2	93.52	2	1 0.400 2 0.600
C2M58	2	95.19	2	1 0.400 2 0.600
C2M59	2	96.86	2	1 0.400 2 0.600
C2M60	2	98.53	2	1 0.400 2 0.600
C2M61	2	100.20	2	1 0.400 2 0.600
C2M62	2	101.87	2	1 0.400 2 0.600
C2M63	2	103.54	2	1 0.400 2 0.600
C2M64	2	105.21	2	1 0.400 2 0.600
C2M65	2	106.88	2	1 0.400 2 0.600
C2M66	2	108.55	2	1 0.400 2 0.600
C2M67	2	110.22	2	1 0.400 2 0.600
C2M68	2	111.89	2	1 0.400 2 0.600
C2M69	2	113.56	2	1 0.400 2 0.600
C2M70	2	115.23	2	1 0.400 2 0.600
C2M71	2	116.90	2	1 0.400 2 0.600
C2M72	2	118.57	2	1 0.400 2 0.600
C2M73	2	120.24	2	1 0.400 2 0.600
C2M74	2	121.91	2	1 0.400 2 0.600
C2M75	2	123.58	2	1 0.400 2 0.600
C2M76	2	125.25	2	1 0.400 2 0.600
C2M77	2	126.92	2	1 0.400 2 0.600
C2M78	2	128.59	2	1 0.400 2 0.600
C2M79	2	130.26	2	1 0.400 2 0.600
C2M80	2	131.93	2	1 0.400 2 0.600
C2M81	2	133.60	2	1 0.400 2 0.600
C2M82	2	135.27	2	1 0.400 2 0.600
C2M83	2	136.94	2	1 0.400 2 0.600
C2M84	2	138.61	2	1 0.400 2 0.600
C2M85	2	140.28	2	1 0.400 2 0.600
C2M86	2	141.95	2	1 0.400 2 0.600
C2M87	2	143.62	2	1 0.400 2 0.600
C2M88	2	145.29	2	1 0.400 2 0.600
C2M89	2	146.96	2	1 0.400 2 0.600
C2M90	2	148.63	2	1 0.400 2 0.600
C2M91	2	150.30	2	1 0.400 2 0.600
C2M92	2	151.97	2	1 0.400 2 0.600
C2M93	2	153.64	2	1 0.400 2 0.600
C2M94	2	155.31	2	1 0.400 2 0.600
C2M95	2	156.98	2	1 0.400 2 0.600
C2M96	2	158.65	2	1 0.400 2 0.600
C2M97	2	160.32	2	1 0.400 2 0.600
C2M98	2	161.99	2	1 0.400 2 0.600
C2M99	2	163.66	2	1 0.400 2 0.600
C2M100	2	165.33	2	1 0.400 2 0.600
C2M101	2	167.00	2	1 0.400 2 0.600
C2M102	2	168.67	2	1 0.400 2 0.600
C2M103	2	170.34	2	1 0.400 2 0.600
C2M104	2	172.01	2	1 0.400 2 0.600
C2M105	2	173.68	2	1 0.400 2 0.600
C2M106	2	175.35	2	1 0.400 2 0.600
C2M107	2	177.02	2	1 0.400 2 0.600
C2M108	2	178.69	2	1 0.400 2 0.600
C2M109	2	180.36	2	1 0.400 2 0.600
C2M110	2	182.03	2	1 0.400 2 0.600
C2M111	2	183.70	2	1 0.400 2 0.600
C2M112	2	185.37	2	1 0.400 2 0.600
C2M113	2	187.04	2	1 0.400 2 0.600
C2M114	2	188.71	2	1 0.400 2 0.600
C2M115	2	190.38	2	1 0.400 2 0.600
C2M116	2	192.05	2	1 0.400 2 0.600
C2M117	2	193.72	2	1 0.400 2 0.600
C2M118	2	195.39	2	1 0.400 2 0.600
C2M119	2	197.06	2	1 0.400 2 0.600
C2M120	2	198.73	2	1 0.400 2 0.600
C2M121	2	200.40	2	1 0.400 2 0.600
C2M122	2	202.07	2	1 0.400 2 0.600
C2M123	2	203.74	2	1 0.400 2 0.600
C2M124	2	205.41	2	1 0.400 2 0.600
C2M125	2	207.08	2	1 0.400 2 0.600
C2M126	2	208.75	2	1 0.400 2 0.600
C2M127	2	210.42	2	1 0.400 2 0.600
C2M128	2	212.09	2	1 0.400 2 0.600
C2M129	2	213.76	2	1 0.400 2 0.600
C2M130	2	215.43	2	1 0.400 2 0.600
C2M131	2	217.10	2	1 0.400 2 0.600
C2M132	2	218.77	2	1 0.400 2 0.600
C2M133	2	220.44	2	1 0.400 2 0.600
C2M134	2	222.11	2	1 0.400 2 0.600
C2M135	2	223.78	2	1 0.400 2 0.600
C2M136	2	225.45	2	1 0.400 2 0.600
C2M137	2	227.12	2	1 0.400 2 0.600
C2M138	2	228.79	2	1 0.400 2 0.600
C2M139	2	230.46	2	1 0.400 2 0.600
C2M140	2	232.13	2	1 0.400 2 0.600
C2M141	2	233.80	2	1 0.400 2 0.600
C2M142	2	235.47	2	1 0.400 2 0.600
C2M143	2	237.14	2	1 0.400 2 0.600
C2M144	2	238.81	2	1 0.400 2 0.600
C2M145	2	240.48	2	1 0.400 2 0.600
C2M146	2	242.15	2	1 0.400 2 0.600
C2M147	2	243.82	2	1 0.400 2 0.600
C2M148	2	245.49	2	1 0.400 2 0.600
C2M149	2	247.16	2	1 0.400 2 0.600
C2M150	2	248.83	2	1 0.400 2 0.600
C2M151	2	250.50	2	1 0.400 2 0.600
C2M152	2	252.17	2	1 0.400 2 0.600
C2M153	2	253.84	2	1 0.400 2 0.600
C2M154	2	255.51	2	1 0.400 2 0.600
C2M155	2	257.18	2	1 0.400 2 0.600
C2M156	2	258.85	2	1 0.400 2 0.600
C2M157	2	260.52	2	1 0.400 2 0.600
C2M158	2	262.19	2	1 0.400 2 0.600
C2M159	2	263.86	2	1 0.400 2 0.600
C2M160	2	265.53	2	1 0.400 2 0.600
C2M161	2	267.20	2	1 0.400 2 0.600
C2M162	2	268.87	2	1 0.400 2 0.600
C2M163	2	270.54	2	1 0.400 2 0.600
C2M164	2	272.21	2	1 0.400 2 0.600
C2M165	2	273.88	2	1 0.400 2 0.600
C2M166	2	275.55	2	1 0.400 2 0.600
C2M167	2	277.22	2	1 0.400 2 0.600
C2M168	2	278.89	2	1 0.400 2 0.600
C2M169	2	280.56	2	1 0.400 2 0.600
C2M170	2	282.23	2	1 0.400 2 0.600
C2M171	2	283.90	2	1 0.400 2 0.600
C2M172	2	285.57	2	1 0.400 2 0.600
C2M173	2	287.24	2	1 0.400 2 0.600
C2M174	2	288.91	2	1 0.400 2 0.600
C2M175	2	290.58	2	1 0.400 2 0.600
C2M176	2	292.25	2	1 0.400 2 0.600
C2M177	2	293.92	2	1 0.400 2 0.600
C2M178	2	295.59	2	1 0.400 2 0.600
C2M179	2	297.26	2	1 0.400 2 0.600
C2M180	2	298.93	2	1 0.400 2 0.600
C2M181	2	300.60	2	1 0.400 2 0.600
C3M1	3	0.00	2	1 0.400 2 0.600
C3M2	3	1.67	2	1 0.400 2 0.600
C3M3	3	3.34	2	1 0.400 2 0.600
C3M4	3	5.01	2	1 0.400 2 0.600
C3M5	3	6.68	2	1 0.400 2 0.600
C3M6	3	8.35	2	1 0.400 2 0.600
C3M7	3	10.02	2	1 0.400 2 0.600
C3M8	3	11.69	2	1 0.400 2 0.600
C3M9	3	13.36	2	1 0.400 2 0.600
C3M10	3	15.03	2	1 0.400 2 0.600
C3M11	3	16.70	2	1 0.400 2 0.600
C3M12	3	18.37	2	1 0.400 2 0.600
C3M13	3	20.04	2	1 0.400 2 0.600
C3M14	3	21.71	2	1 0.400 2 0.600
C3M15	3	23.38	2	1 0.400 2 0.600
C3M16	3	25.05	2	1 0.400 2 0.600
C3M17	3	26.72	2	1 0.400 2 0.600
C3M18	3	28.39	2	1 0.400 2 0.600
C3M19	3	30.06	2	1 0.400 2 0.600
C3M20	3	31.73	2	1 0.400 2 0.600
C3M21	3	33.40	2	1 0.400 2 0.600
C3M22	3	35.07	2	1 0.400 2 0.600
C3M23	3	36.74	2	1 0.400 2 0.600
C3M24	3	38.41	2	1 0.400 2 0.600
C3M25	3	40.08	2	1 0.400 2 0.600
C3M26	3	41.75	2	1 0.400 2 0.600
C3M27	3	43.42	2	1 0.400 2 0.600
C3M28	3	45.09	2	1 0.400 2 0.600
C3M29	3	46.76	2	1 0.400 2 0.600
C3M30	3	48.43	2	1 0.400 2 0.600
C3M31	3	50.10	2	1 0.400 2 0.600
C3M32	3	51.77	2	1 0.400 2 0.600
C3M33	3	53.44	2	1 0.400 2 0.600
C3M34	3	55.11	2	1 0.400 2 0.600
C3M35	3	56.78	2	1 0.400 2 0.600
C3M36	3	58.45	2	1 0.400 2 0.600
C3M37	3	60.12	2	1 0.400 2 0.600
C3M38	3	61.79	2	1 0.400 2 0.600
C3M39	3	63.46	2	1 0.400 2 0.600
C3M40	3	65.13	2	1 0.400 2 0.600
C3M41	3	66.80	2	1 0.400 2 0.600
C3M42	3	68.47	2	1 0.400 2 0.600
C3M43	3	70.14	2	1 0.400 2 0.600
C3M44	3	71.81	2	1 0.400 2 0.600
C3M45	3	73.48	2	1 0.400 2 0.600
C3M46	3	75.15	2	1 0.400 2 0.600
C3M47	3	76.82	2	1 0.400 2 0.600
C3M48	3	78.49	2	1 0.400 2 0.600
C3M49	3	80.16	2	1 0.400 2 0.600
C3M50	3	81.83	2	1 0.400 2 0.600
C3M51	3	83.50	2	1 0.400 2 0.600
C3M52	3	85.17	2	1 0.400 2 0.600
C3M53	3	86.84	2	1 0.400 2 0.600
C3M54	3	88.51	2	1 0.400 2 0.600
C3M55	3	90.18	2	1 0.400 2 0.600
C3M56	3	91.85	2	1 0.400 2 0.600
C3M57	3	93.52	2	1 0.400 2 0.600
C3M58	3	95.19	2	1 0.400 2 0.600
C3M59	3	96.86	2	1 0.400 2 0.600
C3M60	3	98.53	2	1 0.400 2 0.600
C3M61	3	100.20	2	1 0.400 2 0.600
C3M62	3	101.87	2	1 0.400 2 0.600
C3M63	3	103.54	2	1 0.400 2 0.600
C3M64	3	105.21	2	1 0.400 2 0.600
C3M65	3	106.88	2	1 0.400 2 0.600
C3M66	3	108.55	2	1 0.400 2 0.600
C3M67	3	110.22	2	1 0.400 2 0.600
C3M68	3	111.89	2	1 0.400 2 0.600
C3M69	3	113.56	2	1 0.400 2 0.600
C3M70	3	115.23	2	1 0.400 2 0.600
C3M71	3	116.90	2	1 0.400 2 0.600
C3M72	3	118.57	2	1 0.400 2 0.600
C3M73	3	120.24	2	1 0.400 2 0.600
C3M74	3	121.91	2	1 0.400 2 0.600
C3M75	3	123.58	2	1 0.400 2 0.600
C3M76	3	125.25	2	1 0.400 2 0.600
C3M77	3	126.92	2	1 0.400 2 0.600
C3M78	3	128.59	2	1 0.400 2 0.600
C3M79	3	130.26	2	1 0.400 2 0.600
C3M80	3	131.93	2	1 0.400 2 0.600
C3M81	3	133.60	2	1 0.400 2 0.600
C3M82	3	135.27	2	1 0.400 2 0.600
C3M83	3	136.94	2	1 0.400 2 0.600
C3M84	3	138.61	2	1 0.400 2 0.600
C3M85	3	140.28	2	1 0.400 2 0.600
C3M86	3	141.95	2	1 0.400 2 0.600
C3M87	3	143.62	2	1 0.400 2 0.600
C3M88	3	145.29	2	1 0.400 2 0.600
C3M89	3	146.96	2	1 0.400 2 0.600
C3M90	3	148.63	2	1 0.400 2 0.600
C3M91	3	150.30	2	1 0.400 2 0.600
C3M92	3	151.97	2	1 0.400 2 0.600
C3M93	3	153.64	2	1 0.400 2 0.600
C3M94	3	155.31	2	1 0.400 2 0.600
C3M95	3	156.98	2	1 0.400 2 0.600
C3M96	3	158.65	2	1 0.400 2 0.600
C3M97	3	160.32	2	1 0.400 2 0.600
C3M98	3	161.99	2	1 0.400 2 0.600
C3M99	3	163.66	2	1 0.400 2 0.600
C3M100	3	165.33	2	1 0.400 2 0.600
C3M101	3	167.00	2	1 0.400 2 0.600
C3M102	3	168.67	2	1 0.400 2 0.600
C3M103	3	170.34	2	1 0.400 2 0.600
C3M104	3	172.01	2	1 0.400 2 0.600
C3M105	3	173.68	2	1 0.400 2 0.600
C3M106	3	175.35	2	1 0.400 2 0.600
C3M107	3	177.02	2	1 0.400 2 0.600
C3M108	3	178.69	2	1 0.400 2 0.600
C3M109	3	180.36	2	1 0.400 2 0.600
C3M110	3	182.03	2	1 0.400 2 0.600
C3M111	3	183.70	2	1 0.400 2 0.600
C3M112	3	185.37	2	1 0.400 2 0.600
C3M113	3	187.04	2	1 0.400 2 0.600
C3M114	3	188.71	2	1 0.400 2 0.600
C3M115	3	190.38	2	1 0.400 2 0.600
C3M116	3	192.05	2	1 0.400 2 0.600
C3M117	3	193.72	2	1 0.400 2 0.600
C3M118	3	195.39	2	1 0.400 2 0.600
C3M119	3	197.06	2	1 0.400 2 0.600
C3M120	3	198.73	2	1 0.400 2 0.600
C3M121	3	200.40	2	1 0.400 2 0.600
C4M1	4	0.00	2	1 0.400 2 0.600
C4M2	4	1.67	2	1 0.400 2 0.600
C4M3	4	3.34	2	1 0.400 2 0.600
C4M4	4	5.01	2	1 0.400 2 0.600
C4M5	4	6.68	2	1 0.400 2 0.600
C4M6	4	8.35	2	1 0.400 2 0.600
C4M7	4	10.02	2	1 0.400 2 0.600
C4M8	4	11.69	2	1 0.400 2 0.600
C4M9	4	13.36	2	1 0.400 2 0.600
C4M10	4	15.03	2	1 0.400 2 0.600
C4M11	4	16.70	2	1 0.400 2 0.600
C4M12	4	18.37	2	1 0.400 2 0.600
C4M13	4	20.04	2	1 0.400 2 0.600
C4M14	4	21.71	2	1 0.400 2 0.600
C4M15	4	23.38	2	1 0.400 2 0.600
C4M16	4	25.05	2	1 0.400 2 0.600
C4M17	4	26.72	2	1 0.400 2 0.600
C4M18	4	28.39	2	1 0.400 2 0.600
C4M19	4	30.06	2	1 0.400 2 0.600
C4M20	4	31.73	2	1 0.400 2 0.600
C4M21	4	33.40	2	1 0.400 2 0.600
C4M22	4	35.07	2	1 0.400 2 0.600
C4M23	4	36.74	2	1 0.400 2 0.600
C4M24	4	38.41	2	1 0.400 2 0.600
C4M25	4	40.08	2	1 0.400 2 0.600
C4M26	4	41.75	2	1 0.400 2 0.600
C4M27	4	43.42	2	1 0.400 2 0.600
C4M28	4	45.09	2	1 0.400 2 0.600
C4M29	4	46.76	2	1 0.400 2 0.600
C4M30	4	48.43	2	1 0.400 2 0.600
C4M31	4	50.10	2	1 0.400 2 0.600
C4M32	4	51.77	2	1 0.400 2 0.600
C4M33	4	53.44	2	1 0.400 2 0.600
C4M34	4	55.11	2	1 0.400 2 0.600
C4M35	4	56.78	2	1 0.400 2 0.600
C4M36	4	58.45	2	1 0.400 2 0.600
C4M37	4	60.12	2	1 0.400 2 0.600
C4M38	4	61.79	2	1 0.400 2 0.600
C4M39	4	63.46	2	1 0.400 2 0.600
C4M40	4	65.13	2	1 0.400 2 0.600
C4M41	4	66.80	2	1 0.400 2 0.600
C4M42	4	68.47	2	1 0.400 2 0.600
C4M43	4	70.14	2	1 0.400 2 0.600
C4M44	4	71.81	2	1 0.400 2 0.600
C4M45	4	73.48	2	1 0.400 2 0.600
C4M46	4	75.15	2	1 0.400 2 0.600
C4M47	4	76.82	2	1 0.400 2 0.600
C4M48	4	78.49	2	1 0.400 2 0.600
C4M49	4	80.16	2	1 0.400 2 0.600
C4M50	4	81.83	2	1 0.400 2 0.600
C4M51	4	83.50	2	1 0.400 2 0.600
C4M52	4	85.17	2	1 0.400 2 0.600
C4M53	4	86.84	2	1 0.400 2 0.600
C4M54	4	88.51	2	1 0.400 2 0.600
C4M55	4	90.18	2	1 0.400 2 0.600
C4M56	4	91.85	2	1 0.400 2 0.600
C4M57	4	93.52	2	1 0.400 2 0.600
C4M58	4	95.19	2	1 0.400 2 0.600
C4M59	4	96.86	2	1 0.400 2 0.600
C4M60	4	98.53	2	1 0.400 2 0.600
C4M61	4	100.20	2	1 0.400 2 0.600
C4M62	4	101.87	2	1 0.400 2 0.600
C4M63	4	103.54	2	1 0.400 2 0.600
C4M64	4	105.21	2	1 0.400 2 0.600
C4M65	4	106.88	2	1 0.400 2 0.600
C4M66	4	108.55	2	1 0.400 2 0.600
C4M67	4	110.22	2	1 0.400 2 0.600
C4M68	4	111.89	2	1 0.400 2 0.600
C4M69	4	113.56	2	1 0.400 2 0.600
C4M70	4	115.23	2	1 0.400 2 0.600
C4M71	4	116.90	2	1 0.400 2 0.600
C4M72	4	118.57	2	1 0.400 2 0.600
C4M73	4	120.24	2	1 0.400 2 0.600
C4M74	4	121.91	2	1 0.400 2 0.600
C4M75	4	123.58	2	1 0.400 2 0.600
C4M76	4	125.25	2	1 0.400 2 0.600
C4M77	4	126.92	2	1 0.400 2 0.600
C4M78	4	128.59	2	1 0.400 2 0.600
C4M79	4	130.26	2	1 0.400 2 0.600
C4M80	4	131.93	2	1 0.400 2 0.600
C4M81	4	133.60	2	1 0.400 2 0.600
C4M82	4	135.27	2	1 0.400 2 0.600
C4M83	4	136.94	2	1 0.400 2 0.600
C4M84	4	138.61	2	1 0.400 2 0.600
C4M85	4	140.28	2	1 0.400 2 0.600
C4M86	4	141.95	2	1 0.400 2 0.600
C4M87	4	143.62	2	1 0.400 2 0.600
C4M88	4	145.29	2	1 0.400 2 0.600
C4M89	4	146.96	2	1 0.400 2 0.600
C4M90	4	148.63	2	1 0.400 2 0.600
C4M91	4	150.30	2	1 0.400 2 0.600
C4M92	4	151.97	2	1 0.400 2 0.600
C4M93	4	153.64	2	1 0.400 2 0.600
C4M94	4	155.31	2	1 0.400 2 0.600
C4M95	4	156.98	2	1 0.400 2 0.600
C4M96	4	158.65	2	1 0.400 2 0.600
C4M97	4	160.32	2	1 0.400 2 0.600
C4M98	4	161.99	2	1 0.400 2 0.600
C4M99	4	163.66	2	1 0.400 2 0.600
C4M100	4	165.33	2	1 0.400 2 0.600
C4M101	4	167.00	2	1 0.400 2 0.600
C4M102	4	168.67	2	1 0.400 2 0.600
C4M103	4	170.34	2	1 0.400 2 0.600
C4M104	4	172.01	2	1 0.400 2 0.600
C4M105	4	173.68	2	1 0.400 2 0.600
C4M106	4	175.35	2	1 0.400 2 0.600
C4M107	4	177.02	2	1 0.400 2 0.600
C4M108	4	178.69	2	1 0.400 2 0.600
C4M109	4	180.36	2	1 0.400 2 0.600
C4M110	4	182.03	2	1 0.400 2 0.600
C4M111	4	183.70	2	1 0.400 2 0.600
C4M112	4	185.37	2	1 0.400 2 0.600
C4M113	4	187.04	2	1 0.400 2 0.600
C4M114	4	188.71	2	1 0.400 2 0.600
C4M115	4	190.38	2	1 0.400 2 0.600
C4M116	4	192.05	2	1 0.400 2 0.600
C4M117	4	193.72	2	1 0.400 2 0.600
C4M118	4	195.39	2	1 0.400 2 0.600
C4M119	4	197.06	2	1 0.400 2 0.600
C4M120	4	198.73	2	1 0.400 2 0.600
C4M121	4	200.40	2	1 0.400 2 0.600
C5M1	5	0.00	2	1 0.400 2 0.600
C5M2	5	1.67	2	1 0.400 2 0.600
C5M3	5	3.34	2	1 0.400 2 0.600
C5M4	5	5.01	2	1 0.400 2 0.600
C5M5	5	6.68	2	1 0.400 2 0.600
C5M6	5	8.35	2	1 0.400 2 0.600
C5M7	5	10.02	2	1 0.400 2 0.600
C5M8	5	11.69	2	1 0.400 2 0.600
C5M9	5	13.36	2	1 0.400 2 0.600
C5M10	5	15.03	2	1 0.400 2 0.600
C5M11	5	16.70	2	1 0.400 2 0.600
C5M12	5	18.37	2	1 0.400 2 0.600
C5M13	5	20.04	2	1 0.400 2 0.600
C5M14	5	21.71	2	1 0.400 2 0.600
C5M15	5	23.38	2	1 0.400 2 0.600
C5M16	5	25.05	2	1 0.400 2 0.600
C5M17	5	26.72	2	1 0.400 2 0.600
C5M18	5	28.39	2	1 0.400 2 0.600
C5M19	5	30.06	2	1 0.400 2 0.600
C5M20	5	31.73	2	1 0.400 2 0.600
C5M21	5	33.40	2	1 0.400 2 0.600
C5M22	5	35.07	2	1 0.400 2 0.600
C5M23	5	36.74	2	1 0.400 2 0.600
C5M24	5	38.41	2	1 0.400 2 0.600
C5M25	5	40.08	2	1 0.400 2 0.600
C5M26	5	41.75	2	1 0.400 2 0.600
C5M27	5	43.42	2	1 0.400 2 0.600
C5M28	5	45.09	2	1 0.400 2 0.600
C5M29	5	46.76	2	1 0.400 2 0.600
C5M30	5	48.43	2	1 0.400 2 0.600
C5M31	5	50.10	2	1 0.400 2 0.600
C5M32	5	51.77	2	1 0.400 2 0.600
C5M33	5	53.44	2	1 0.400 2 0.600
C5M34	5	55.11	2	1 0.400 2 0.600
C5M35	5	56.78	2	1 0.400 2 0.600
C5M36	5	58.45	2	1 0.400 2 0.600
C5M37	5	60.12	2	1 0.400 2 0.600
C5M38	5	61.79	2	1 0.400 2 0.600
C5M39	5	63.46	2	1 0.400 2 0.600
C5M40	5	65.13	2	1 0.400 2 0.600
C5M41	5	66.80	2	1 0.400 2 0.600
C5M42	5	68.47	2	1 0.400 2 0.600
C5M43	5	70.14	2	1 0.400 2 0.600
C5M44	5	71.81	2	1 0.400 2 0.600
C5M45	5	73.48	2	1 0.400 2 0.600
C5M46	5	75.15	2	1 0.400 2 0.600
C5M47	5	76.82	2	1 0.400 2 0.600
C5M48	5	78.49	2	1 0.400 2 0.600
C5M49	5	80.16	2	1 0.400 2 0.600
C5M50	5	81.83	2	1 0.400 2 0.600
C5M51	5	83.50	2	1 0.400 2 0.600
C5M52	5	85.17	2	1 0.400 2 0.600
C5M53	5	86.84	2	1 0.400 2 0.600
C5M54	5	88.51	2	1 0.400 2 0.600
C5M55	5	90.18	2	1 0.400 2 0.600
C5M56	5	91.85	2	1 0.400 2 0.600
C5M57	5	93.52	2	1 0.400 2 0.600
C5M58	5	95.19	2	1 0.400 2 0.600
C5M59	5	96.86	2	1 0.400 2 0.600
C5M60	5	98.53	2	1 0.400 2 0.600
C5M61	5	100.20	2	1 0.400 2 0.600
C5M62	5	101.87	2	1 0.400 2 0.600
C5M63	5	103.54	2	1 0.400 2 0.600
C5M64	5	105.21	2	1 0.400 2 0.600
C5M65	5	106.88	2	1 0.400 2 0.600
C5M66	5	108.55	2	1 0.400 2 0.600
C5M67	5	110.22	2	1 0.400 2 0.600
C5M68	5	111.89	2	1 0.400 2 0.600
C5M69	5	113.56	2	1 0.400 2 0.600
C5M70	5	115.23	2	1 0.400 2 0.600
C5M71	5	116.90	2	1 0.400 2 0.600
C5M72	5	118.57	2	1 0.400 2 0.600
C5M73	5	120.24	2	1 0.400 2 0.600
C5M74	5	121.91	2	1 0.400 2 0.600
C5M75	5	123.58	2	1 0.400 2 0.600
C5M76	5	125.25	2	1 0.400 2 0.600
C5M77	5	126.92	2	1 0.400 2 0.600
C5M78	5	128.59	2	1 0.400 2 0.600
C5M79	5	130.26	2	1 0.400 2 0.600
C5M80	5	131.93	2	1 0.400 2 0.600
C5M81	5	133.60	2	1 0.400 2 0.600
C5M82	5	135.27	2	1 0.400 2 0.600
C5M83	5	136.94	2	1 0.400 2 0.600
C5M84	5	138.61	2	1 0.400 2 0.600
C5M85	5	140.28	2	1 0.400 2 0.600
C5M86	5	141.95	2	1 0.400 2 0.600
C5M87	5	143.62	2	1 0.400 2 0.600
C5M88	5	145.29	2	1 0.400 2 0.600
C5M89	5	146.96	2	1 0.400 2 0.600
C5M90	5	148.63	2	1 0.400 2 0.600
C5M91	5	150.30	2	1 0.400 2 0.600
C5M92	5	151.97	2	1 0.400 2 0.600
C5M93	5	153.64	2	1 0.400 2 0.600
C5M94	5	155.31	2	1 0.400 2 0.600
C5M95	5	156.98	2	1 0.400 2 0.600
C5M96	5	158.65	2	1 0.400 2 0.600
C5M97	5	160.32	2	1 0.400 2 0.600
C5M98	5	161.99	2	1 0.400 2 0.600
C5M99	5	163.66	2	1 0.400 2 0.600
C5M100	5	165.33	2	1 0.400 2 0.600
C5M101	5	167.00	2	1 0.400 2 0.600
C5M102	5	168.67	2	1 0.400 2 0.600
C5M103	5	170.34	2	1 0.400 2 0.600
C5M104	5	172.01	2	1 0.400 2 0.600
C5M105	5	173.68	2	1 0.400 2 0.600
C5M106	5	175.35	2	1 0.400 2 0.600
C5M107	5	177.02	2	1 0.400 2 0.600
C5M108	5	178.69	2	1 0.400 2 0.600
C5M109	5	180.36	2	1 0.400 2 0.600
C5M110	5	182.03	2	1 0.400 2 0.600
C5M111	5	183.70	2	1 0.400 2 0.600
C5M112	5	185.37	2	1 0.400 2 0.600
C5M113	5	187.04	2	1 0.400 2 0.600
C5M114	5	188.71	2	1 0.400 2 0.600
C5M115	5	190.38	2	1 0.400 2 0.600
C5M116	5	192.05	2	1 0.400 2 0.600
C5M117	5	193.72	2	1 0.400 2 0.600
C5M118	5	195.39	2	1 0.400 2 0.600
C5M119	5	197.06	2	1 0.400 2 0.600
C5M120	5	198.73	2	1 0.400 2 0.600
C5M121	5	200.40	2	1 0.400 2 0.600
C6M1	6	0.00	2	1 0.400 2 0.600
C6M2	6	1.67	2	1 0.400 2 0.600
C6M3	6	3.34	2	1 0.400 2 0.600
C6M4	6	5.01	2	1 0.400 2 0.600
C6M5	6	6.68	2	1 0.400 2 0.600
C6M6	6	8.35	2	1 0.400 2 0.600
C6M7	6	10.02	2	1 0.400 2 0.600
C6M8	6	11.69	2	1 0.400 2 0.600
C6M9	6	13.36	2	1 0.400 2 0.600
C6M10	6	15.03	2	1 0.400 2 0.600
C6M11	6	16.70	2	1 0.400 2 0.600
C6M12	6	18.37	2	1 0.400 2 0.600
C6M13	6	20.04	2	1 0.400 2 0.600
C6M14	6	21.71	2	1 0.400 2 0.600
C6M15	6	23.38	2	1 0.400 2 0.600
C6M16	6	25.05	2	1 0.400 2 0.600
C6M17	6	26.72	2	1 0.400 2 0.600
C6M18	6	28.39	2	1 0.400 2 0.600
C6M19	6	30.06	2	1 0.400 2 0.600
C6M20	6	31.73	2	1 0.400 2 0.600
C6M21	6	33.40	2	1 0.400 2 0.600
C6M22	6	35.07	2	1 0.400 2 0.600
C6M23	6	36.74	2	1 0.400 2 0.600
C6M24	6	38.41	2	1 0.400 2 0.600
C6M25	6	40.08	2	1 0.400 2 0.600
C6M26	6	41.75	2	1 0.400 2 0.600
C6M27	6	43.42	2	1 0.400 2 0.600
C6M28	6	45.09	2	1 0.400 2 0.600
C6M29	6	46.76	2	1 0.400 2 0.600
C6M30	6	48.43	2	1 0.400 2 0.600
C6M31	6	50.10	2	1 0.400 2 0.600
C6M32	6	51.77	2	1 0.400 2 0.600
C6M33	6	53.44	2	1 0.400 2 0.600
C6M34	6	55.11	2	1 0.400 2 0.600
C6M35	6	56.78	2	1 0.400 2 0.600
C6M36	6	58.45	2	1 0.400 2 0.600
C6M37	6	60.12	2	1 0.400 2 0.600
C6M38	6	61.79	2	1 0.400 2 0.600
C6M39	6	63.46	2	1 0.400 2 0.600
C6M40	6	65.13	2	1 0.400 2 0.600
C6M41	6	66.80	2	1 0.400 2 0.600
C6M42	6	68.47	2	1 0.400 2 0.600
C6M43	6	70.14	2	1 0.400 2 0.600
C6M44	6	71.81	2	1 0.400 2 0.600
C6M45	6	73.48	2	1 0.400 2 0.600
C6M46	6	75.15	2	1 0.400 2 0.600
C6M47	6	76.82	2	1 0.400 2 0.600
C6M48	6	78.49	2	1 0.400 2 0.600
C6M49	6	80.16	2	1 0.400 2 0.600
C6M50	6	81.83	2	1 0.400 2 0.600
C6M51	6	83.50	2	1 0.400 2 0.600
C6M52	6	85.17	2	1 0.400 2 0.600
C6M53	6	86.84	2	1 0.400 2 0.600
C6M54	6	88.51	2	1 0.400 2 0.600
C6M55	6	90.18	2	1 0.400 2 0.600
C6M56	6	91.85	2	1 0.400 2 0.600
C6M57	6	93.52	2	1 0.400 2 0.600
C6M58	6	95.19	2	1 0.400 2 0.600
C6M59	6	96.86	2	1 0.400 2 0.600
C6M60	6	98.53	2	1 0.400 2 0.600
C6M61	6	100.20	2	1 0.400 2 0.600
C6M62	6	101.87	2	1 0.400 2 0.600
C6M63	6	103.54	2	1 0.400 2 0.600
C6M64	6	105.21	2	1 0.400 2 0.600
C6M65	6	106.88	2	1 0.400 2 0.600
C6M66	6	108.55	2	1 0.400 2 0.600
C6M67	6	110.22	2	1 0.400 2 0.600
C6M68	6	111.89	2	1 0.400 2 0.600
C6M69	6	113.56	2	1 0.400 2 0.600
C6M70	6	115.23	2	1 0.400 2 0.600
C6M71	6	116.90	2	1 0.400 2 0.600
C6M72	6	118.57	2	1 0.400 2 0.600
C6M73	6	120.24	2	1 0.400 2 0.600
C6M74	6	121.91	2	1 0.400 2 0.600
C6M75	6	123.58	2	1 0.400 2 0.600
C6M76	6	125.25	2	1 0.400 2 0.600
C6M77	6	126.92	2	1 0.400 2 0.600
C6M78	6	128.59	2	1 0.400 2 0.600
C6M79	6	130.26	2	1 0.400 2 0.600
C6M80	6	131.93	2	1 0.400 2 0.600
C6M81	6	133.60	2	1 0.400 2 0.600
C6M82	6	135.27	2	1 0.400 2 0.600
C6M83	6	136.94	2	1 0.400 2 0.600
C6M84	6	138.61	2	1 0.400 2 0.600
C6M85	6	140.28	2	1 0.400 2 0.600
C6M86	6	141.95	2	1 0.400 2 0.600
C6M87	6	143.62	2	1 0.400 2 0.600
C6M88	6	145.29	2	1 0.400 2 0.600
C6M89	6	146.96	2	1 0.400 2 0.600
C6M90	6	148.63	2	1 0.400 2 0.600
C6M91	6	150.30	2	1 0.400 2 0.600
C6M92	6	151.97	2	1 0.400 2 0.600
C6M93	6	153.64	2	1 0.400 2 0.600
C6M94	6	155.31	2	1 0.400 2 0.600
C6M95	6	156.98	2	1 0.400 2 0.600
C6M96	6	158.65	2	1 0.400 2 0.600
C6M97	6	160.32	2	1 0.400 2 0.600
C6M98	6	161.99	2	1 0.400 2 0.600
C6M99	6	163.66	2	1 0.400 2 0.600
C6M100	6	165.33	2	1 0.400 2 0.600
C6M101	6	167.00	2	1 0.400 2 0.600
C6M102	6	168.67	2	1 0.400 2 0.600
C6M103	6	170.34	2	1 0.400 2 0.600
C6M104	6	172.01	2	1 0.400 2 0.600
C6M105	6	173.68	2	1 0.400 2 0.600
C6M106	6	175.35	2	1 0.400 2 0.600
C6M107	6	177.02	2	1 0.400 2 0.600
C6M108	6	178.69	2	1 0.400 2 0.600
C6M109	6	180.36	2	1 0.400 2 0.600
C6M110	6	182.03	2	1 0.400 2 0.600
C6M111	6	183.70	2	1 0.400 2 0.600
C6M112	6	185.37	2	1 0.400 2 0.600
C6M113	6	187.04	2	1 0.400 2 0.600
C6M114	6	188.71	2	1 0.400 2 0.600
C6M115	6	190.38	2	1 0.400 2 0.600
C6M116	6	192.05	2	1 0.400 2 0.600
C6M117	6	193.72	2	1 0.400 2 0.600
C6M118	6	195.39	2	1 0.400 2 0.600
C6M119	6	197.06	2	1 0.400 2 0.600
C6M120	6	198.73	2	1 0.400 2 0.600
C6M121	6	200.40	2	1 0.400 2 0.600
C7M1	7	0.00	2	1 0.400 2 0.600
C7M2	7	1.67	2	1 0.400 2 0.600
C7M3	7	3.34	2	1 0.400 2 0.600
C7M4	7	5.01	2	1 0.400 2 0.600
C7M5	7	6.68	2	1 0.400 2 0.600
C7M6	7	8.35	2	1 0.400 2 0.600
C7M7	7	10.02	2	1 0.400 2 0.600
C7M8	7	11.69	2	1 0.400 2 0.600
C7M9	7	13.36	2	1 0.400 2 0.600
C7M10	7	15.03	2	1 0.400 2 0.600
C7M11	7	16.70	2	1 0.400 2 0.600
C7M12	7	18.37	2	1 0.400 2 0.600
C7M13	7	20.04	2	1 0.400 2 0.600
C7M14	7	21.71	2	1 0.400 2 0.600
C7M15	7	23.38	2	1 0.400 2 0.600
C7M16	7	25.05	2	1 0.400 2 0.600
C7M17	7	26.72	2	1 0.400 2 0.600
C7M18	7	28.39	2	1 0.400 2 0.600
C7M19	7	30.06	2	1 0.400 2 0.600
C7M20	7	31.73	2	1 0.400 2 0.600
C7M21	7	33.40	2	1 0.400 2 0.600
C7M22	7	35.07	2	1 0.400 2 0.600
C7M23	7	36.74	2	1 0.400 2 0.600
C7M24	7	38.41	2	1 0.400 2 0.600
C7M25	7	40.08	2	1 0.400 2 0.600
C7M26	7	41.75	2	1 0.400 2 0.600
C7M27	7	43.42	2	1 0.400 2 0.600
C7M28	7	45.09	2	1 0.400 2 0.600
C7M29	7	46.76	2	1 0.400 2 0.600
C7M30	7	48.43	2	1 0.400 2 0.600
C7M31	7	50.10	2	1 0.400 2 0.600
C7M32	7	51.77	2	1 0.400 2 0.600
C7M33	7	53.44	2	1 0.400 2 0.600
C7M34	7	55.11	2	1 0.400 2 0.600
C7M35	7	56.78	2	1 0.400 2 0.600
C7M36	7	58.45	2	1 0.400 2 0.600
C7M37	7	60.12	2	1 0.400 2 0.600
C7M38	7	61.79	2	1 0.400 2 0.600
C7M39	7	63.46	2	1 0.400 2 0.600
C7M40	7	65.13	2	1 0.400 2 0.600
C7M41	7	66.80	2	1 0.400 2 0.600
C7M42	7	68.47	2	1 0.400 2 0.600
C7M43	7	70.14	2	1 0.400 2 0.600
C7M44	7	71.81	2	1 0.400 2 0.600
C7M45	7	73.48	2	1 0.400 2 0.600
C7M46	7	75.15	2	1 0.400 2 0.600
C7M47	7	76.82	2	1 0.400 2 0.600
C7M48	7	78.49	2	1 0.400 2 0.600
C7M49	7	80.16	2	1 0.400 2 0.600
C7M50	7	81.83	2	1 0.400 2 0.600
C7M51	7	83.50	2	1 0.400 2 0.600
C7M52	7	85.17	2	1 0.400 2 0.600
C7M53	7	86.84	2	1 0.400 2 0.600
C7M54	7	88.51	2	1 0.400 2 0.600
C7M55	7	90.18	2	1 0.400 2 0.600
C7M56	7	91.85	2	1 0.400 2 0.600
C7M57	7	93.52	2	1 0.400 2 0.600
C7M58	7	95.19	2	1 0.400 2 0.600
C7M59	7	96.86	2	1 0.400 2 0.600
C7M60	7	98.53	2	1 0.400 2 0.600
C7M61	7	100.20	2	1 0.400 2 0.600
C7M62	7	101.87	2	1 0.400 2 0.600
C7M63	7	103.54	2	1 0.400 2 0.600
C7M64	7	105.21	2	1 0.400 2 0.600
C7M65	7	106.88	2	1 0.400 2 0.600
C7M66	7	108.55	2	1 0.400 2 0.600
C7M67	7	110.22	2	1 0.400 2 0.600
C7M68	7	111.89	2	1 0.400 2 0.600
C7M69	7	113.56	2	1 0.400 2 0.600
C7M70	7	115.23	2	1 0.400 2 0.600
C7M71	7	116.90	2	1 0.400 2 0.600
C7M72	7	118.57	2	1 0.400 2 0.600
C7M73	7	120.24	2	1 0.400 2 0.600
C7M74	7	121.91	2	1 0.400 2 0.600
C7M75	7	123.58	2	1 0.400 2 0.600
C7M76	7	125.25	2	1 0.400 2 0.600
C7M77	7	126.92	2	1 0.400 2 0.600
C7M78	7	128.59	2	1 0.400 2 0.600
C7M79	7	130.26	2	1 0.400 2 0.600
C7M80	7	131.93	2	1 0.400 2 0.600
C7M81	7	133.60	2	1 0.400 2 0.600
C7M82	7	135.27	2	1 0.400 2 0.600
C7M83	7	136.94	2	1 0.400 2 0.600
C7M84	7	138.61	2	1 0.400 2 0.600
C7M85	7	140.28	2	1 0.400 2 0.600
C7M86	7	141.95	2	1 0.400 2 0.600
C7M87	7	143.62	2	1 0.400 2 0.600
C7M88	7	145.29	2	1 0.400 2 0.600
C7M89	7	146.96	2	1 0.400 2 0.600
C7M90	7	148.63	2	1 0.400 2 0.600
C7M91	7	150.30	2	1 0.400 2 0.600
C7M92	7	151.97	2	1 0.400 2 0.600
C7M93	7	153.64	2	1 0.400 2 0.600
C7M94	7	155.31	2	1 0.400 2 0.600
C7M95	7	156.98	2	1 0.400 2 0.600
C7M96	7	158.65	2	1 0.400 2 0.600
C7M97	7	160.32	2	1 0.400 2 0.600
C7M98	7	161.99	2	1 0.400 2 0.600
C7M99	7	163.66	2	1 0.400 2 0.600
C7M100	7	165.33	2	1 0.400 2 0.600
C7M101	7	167.00	2	1 0.400 2 0.600
C7M102	7	168.67	2	1 0.400 2 0.600
C7M103	7	170.34	2	1 0.400 2 0.600
C7M104	7	172.01	2	1 0.400 2 0.600
C7M105	7	173.68	2	1 0.400 2 0.600
C7M106	7	175.35	2	1 0.400 2 0.600
C7M107	7	177.02	2	1 0.400 2 0.600
C7M108	7	178.69	2	1 0.400 2 0.600
C7M109	7	180.36	2	1 0.400 2 0.600
C7M110	7	182.03	2	1 0.400 2 0.600
C7M111	7	183.70	2	1 0.400 2 0.600
C7M112	7	185.37	2	1 0.400 2 0.600
C7M113	7	187.04	2	1 0.400 2 0.600
C7M114	7	188.71	2	1 0.400 2 0.600
C7M115	7	190.38	2	1 0.400 2 0.600
C7M116	7	192.05	2	1 0.400 2 0.600
C7M117	7	193.72	2	1 0.400 2 0.600
C7M118	7	195.39	2	1 0.400 2 0.600
C7M119	7	197.06	2	1 0.400 2 0.600
C7M120	7	198.73	2	1 0.400 2 0.600
C7M121	7	200.40	2	1 0.400 2 0.600
C8M1	8	0.00	2	1 0.400 2 0.600
C8M2	8	1.67	2	1 0.400 2 0.600
C8M3	8	3.34	2	1 0.400 2 0.600
C8M4	8	5.01	2	1 0.400 2 0.600
C8M5	8	6.68	2	1 0.400 2 0.600
C8M6	8	8.35	2	1 0.400 2 0.600
C8M7	8	10.02	2	1 0.400 2 0.600
C8M8	8	11.69	2	1 0.400 2 0.600
C8M9	8	13.36	2	1 0.400 2 0.600
C8M10	8	15.03	2	1 0.400 2 0.600
C8M11	8	16.70	2	1 0.400 2 0.600
C8M12	8	18.37	2	1 0.400 2 0.600
C8M13	8	20.04	2	1 0.400 2 0.600
C8M14	8	21.71	2	1 0.400 2 0.600
C8M15	8	23.38	2	1 0.400 2 0.600
C8M16	8	25.05	2	1 0.400 2 0.600
C8M17	8	26.72	2	1 0.400 2 0.600
C8M18	8	28.39	2	1 0.400 2 0.600
C8M19	8	30.06	2	1 0.400 2 0.600
C8M20	8	31.73	2	1 0.400 2 0.600
C8M21	8	33.40	2	1 0.400 2 0.600
C8M22	8	35.07	2	1 0.400 2 0.600
C8M23	8	36.74	2	1 0.400 2 0.600
C8M24	8	38.41	2	1 0.400 2 0.600
C8M25	8	40.08	2	1 0.400 2 0.600
C8M26	8	41.75	2	1 0.400 2 0.600
C8M27	8	43.42	2	1 0.400 2 0.600
C8M28	8	45.09	2	1 0.400 2 0.600
C8M29	8	46.76	2	1 0.400 2 0.600
C8M30	8	48.43	2	1 0.400 2 0.600
C8M31	8	50.10	2	1 0.400 2 0.600
C8M32	8	51.77	2	1 0.400 2 0.600
C8M33	8	53.44	2	1 0.400 2 0.600
C8M34	8	55.11	2	1 0.400 2 0.600
C8M35	8	56.78	2	1 0.400 2 0.600
C8M36	8	58.45	2	1 0.400 2 0.600
C8M37	8	60.12	2	1 0.400 2 0.600
C8M38	8	61.79	2	1 0.400 2 0.600
C8M39	8	63.46	2	1 0.400 2 0.600
C8M40	8	65.13	2	1 0.400 2 0.600
C8M41	8	66.80	2	1 0.400 2 0.600
C8M42	8	68.47	2	1 0.400 2 0.600
C8M43	8	70.14	2	1 0.400 2 0.600
C8M44	8	71.81	2	1 0.400 2 0.600
C8M45	8	73.48	2	1 0.400 2 0.600
C8M46	8	75.15	2	1 0.400 2 0.600
C8M47	8	76.82	2	1 0.400 2 0.600
C8M48	8	78.49	2	1 0.400 2 0.600
C8M49	8	80.16	2	1 0.400 2 0.600
C8M50	8	81.83	2	1 0.400 2 0.600
C8M51	8	83.50	2	1 0.400 2 0.600
C8M52	8	85.17	2	1 0.400 2 0.600
C8M53	8	86.84	2	1 0.400 2 0.600
C8M54	8	88.51	2	1 0.400 2 0.600
C8M55	8	90.18	2	1 0.400 2 0.600
C8M56	8	91.85	2	1 0.400 2 0.600
C8M57	8	93.52	2	1 0.400 2 0.600
C8M58	8	95.19	2	1 0.400 2 0.600
C8M59	8	96.86	2	1 0.400 2 0.600
C8M60	8	98.53	2	1 0.400 2 0.600
C8M61	8	100.20	2	1 0.400 2 0.600
C8M62	8	101.87	2	1 0.400 2 0.600
C8M63	8	103.54	2	1 0.400 2 0.600
C8M64	8	105.21	2	1 0.400 2 0.600
C8M65	8	106.88	2	1 0.400 2 0.600
C8M66	8	108.55	2	1 0.400 2 0.600
C8M67	8	110.22	2	1 0.400 2 0.600
C8M68	8	111.89	2	1 0.400 2 0.600
C8M69	8	113.56	2	1 0.400 2 0.600
C8M70	8	115.23	2	1 0.400 2 0.600
C8M71	8	116.90	2	1 0.400 2 0.600
C8M72	8	118.57	2	1 0.400 2 0.600
C8M73	8	120.24	2	1 0.400 2 0.600
C8M74	8	121.91	2	1 0.400 2 0.600
C8M75	8	123.58	2	1 0.400 2 0.600
C8M76	8	125.25	2	1 0.400 2 0.600
C8M77	8	126.92	2	1 0.400 2 0.600
C8M78	8	128.59	2	1 0.400 2 0.600
C8M79	8	130.26	2	1 0.400 2 0.600
C8M80	8	131.93	2	1 0.400 2 0.600
C8M81	8	133.60	2	1 0.400 2 0.600
C8M82	8	135.27	2	1 0.400 2 0.600
C8M83	8	136.94	2	1 0.400 2 0.600
C8M84	8	138.61	2	1 0.400 2 0.600
C8M85	8	140.28	2	1 0.400 2 0.600
C8M86	8	141.95	2	1 0.400 2 0.600
C8M87	8	143.62	2	1 0.400 2 0.600
C8M88	8	145.29	2	1 0.400 2 0.600
C8M89	8	146.96	2	1 0.400 2 0.600
C8M90	8	148.63	2	1 0.400 2 0.600
C8M91	8	150.30	2	1 0.400 2 0.600
C9M1	9	0.00	2	1 0.400 2 0.600
C9M2	9	1.67	2	1 0.400 2 0.600
C9M3	9	3.34	2	1 0.400 2 0.600
C9M4	9	5.01	2	1 0.400 2 0.600
C9M5	9	6.68	2	1 0.400 2 0.600
C9M6	9	8.35	2	1 0.400 2 0.600
C9M7	9	10.02	2	1 0.400 2 0.600
C9M8	9	11.69	2	1 0.400 2 0.600
C9M9	9	13.36	2	1 0.400 2 0.600
C9M10	9	15.03	2	1 0.400 2 0.600
C9M11	9	16.70	2	1 0.400 2 0.600
C9M12	9	18.37	2	1 0.400 2 0.600
C9M13	9	20.04	2	1 0.400 2 0.600
C9M14	9	21.71	2	1 0.400 2 0.600
C9M15	9	23.38	2	1 0.400 2 0.600
C9M16	9	25.05	2	1 0.400 2 0.600
C9M17	9	26.72	2	1 0.400 2 0.600
C9M18	9	28.39	2	1 0.400 2 0.600
C9M19	9	30.06	2	1 0.400 2 0.600
C9M20	9	31.73	2	1 0.400 2 0.600
C9M21	9	33.40	2	1 0.400 2 0.600
C9M22	9	35.07	2	1 0.400 2 0.600
C9M23	9	36.74	2	1 0.400 2 0.600
C9M24	9	38.41	2	1 0.400 2 0.600
C9M25	9	40.08	2	1 0.400 2 0.600
C9M26	9	41.75	2	1 0.400 2 0.600
C9M27	9	43.42	2	1 0.400 2 0.600
C9M28	9	45.09	2	1 0.400 2 0.600
C9M29	9	46.76	2	1 0.400 2 0.600
C9M30	9	48.43	2	1 0.400 2 0.600
C9M31	9	50.10	2	1 0.400 2 0.600
C9M32	9	51.77	2	1 0.400 2 0.600
C9M33	9	53.44	2	1 0.400 2 0.600
C9M34	9	55.11	2	1 0.400 2 0.600
C9M35	9	56.78	2	1 0.400 2 0.600
C9M36	9	58.45	2	1 0.400 2 0.600
C9M37	9	60.12	2	1 0.400 2 0.600
C9M38	9	61.79	2	1 0.400 2 0.600
C9M39	9	63.46	2	1 0.400 2 0.600
C9M40	9	65.13	2	1 0.400 2 0.600
C9M41	9	66.80	2	1 0.400 2 0.600
C9M42	9	68.47	2	1 0.400 2 0.600
C9M43	9	70.14	2	1 0.400 2 0.600
C9M44	9	71.81	2	1 0.400 2 0.600
C9M45	9	73.48	2	1 0.400 2 0.600
C9M46	9	75.15	2	1 0.400 2 0.600
C9M47	9	76.82	2	1 0.400 2 0.600
C9M48	9	78.49	2	1 0.400 2 0.600
C9M49	9	80.16	2	1 0.400 2 0.600
C9M50	9	81.83	2	1 0.400 2 0.600
C9M51	9	83.50	2	1 0.400 2 0.600
C9M52	9	85.17	2	1 0.400 2 0.600
C9M53	9	86.84	2	1 0.400 2 0.600
C9M54	9	88.51	2	1 0.400 2 0.600
C9M55	9	90.18	2	1 0.400 2 0.600
C9M56	9	91.85	2	1 0.400 2 0.600
C9M57	9	93.52	2	1 0.400 2 0.600
C9M58	9	95.19	2	1 0.400 2 0.600
C9M59	9	96.86	2	1 0.400 2 0.600
C9M60	9	98.53	2	1 0.400 2 0.600
C9M61	9	100.20	2	1 0.400 2 0.600
C9M62	9	101.87	2	1 0.400 2 0.600
C9M63	9	103.54	2	1 0.400 2 0.600
C9M64	9	105.21	2	1 0.400 2 0.600
C9M65	9	106.88	2	1 0.400 2 0.600
C9M66	9	108.55	2	1 0.400 2 0.600
C9M67	9	110.22	2	1 0.400 2 0.600
C9M68	9	111.89	2	1 0.400 2 0.600
C9M69	9	113.56	2	1 0.400 2 0.600
C9M70	9	115.23	2	1 0.400 2 0.600
C9M71	9	116.90	2	1 0.400 2 0.600
C9M72	9	118.57	2	1 0.400 2 0.600
C9M73	9	120.24	2	1 0.400 2 0.600
C9M74	9	121.91	2	1 0.400 2 0.600
C9M75	9	123.58	2	1 0.400 2 0.600
C9M76	9	125.25	2	1 0.400 2 0.600
C9M77	9	126.92	2	1 0.400 2 0.600
C9M78	9	128.59	2	1 0.400 2 0.600
C9M79	9	130.26	2	1 0.400 2 0.600
C9M80	9	131.93	2	1 0.400 2 0.600
C9M81	9	133.60	2	1 0.400 2 0.600
C9M82	9	135.27	2	1 0.400 2 0.600
C9M83	9	136.94	2	1 0.400 2 0.600
C9M84	9	138.61	2	1 0.400 2 0.600
C9M85	9	140.28	2	1 0.400 2 0.600
C9M86	9	141.95	2	1 0.400 2 0.600
C9M87	9	143.62	2	1 0.400 2 0.600
C9M88	9	145.29	2	1 0.400 2 0.600
C9M89	9	146.96	2	1 0.400 2 0.600
C9M90	9	148.63	2	1 0.400 2 0.600
C9M91	9	150.30	2	1 0.400 2 0.600
C10M1	10	0.00	2	1 0.400 2 0.600
C10M2	10	1.67	2	1 0.400 2 0.600
C10M3	10	3.34	2	1 0.400 2 0.600
C10M4	10	5.01	2	1 0.400 2 0.600
C10M5	10	6.68	2	1 0.400 2 0.600
C10M6	10	8.35	2	1 0.400 2 0.600
C10M7	10	10.02	2	1 0.400 2 0.600
C10M8	10	11.69	2	1 0.400 2 0.600
C10M9	10	13.36	2	1 0.400 2 0.600
C10M10	10	15.03	2	1 0.400 2 0.600
C10M11	10	16.70	2	1 0.400 2 0.600
C10M12	10	18.37	2	1 0.400 2 0.600
C10M13	10	20.04	2	1 0.400 2 0.600
C10M14	10	21.71	2	1 0.400 2 0.600
C10M15	10	23.38	2	1 0.400 2 0.600
C10M16	10	25.05	2	1 0.400 2 0.600
C10M17	10	26.72	2	1 0.400 2 0.600
C10M18	10	28.39	2	1 0.400 2 0.600
C10M19	10	30.06	2	1 0.400 2 0.600
C10M20	10	31.73	2	1 0.400 2 0.600
C10M21	10	33.40	2	1 0.400 2 0.600
C10M22	10	35.07	2	1 0.400 2 0.600
C10M23	10	36.74	2	1 0.400 2 0.600
C10M24	10	38.41	2	1 0.400 2 0.600
C10M25	10	40.08	2	1 0.400 2 0.600
C10M26	10	41.75	2	1 0.400 2 0.600
C10M27	10	43.42	2	1 0.400 2 0.600
C10M28	10	45.09	2	1 0.400 2 0.600
C10M29	10	46.76	2	1 0.400 2 0.600
C10M30	10	48.43	2	1 0.400 2 0.600
C10M31	10	50.10	2	1 0.400 2 0.600
C10M32	10	51.77	2	1 0.400 2 0.600
C10M33	10	53.44	2	1 0.400 2 0.600
C10M34	10	55.11	2	1 0.400 2 0.600
C10M35	10	56.78	2	1 0.400 2 0.600
C10M36	10	58.45	2	1 0.400 2 0.600
C10M37	10	60.12	2	1 0.400 2 0.600
C10M38	10	61.79	2	1 0.400 2 0.600
C10M39	10	63.46	2	1 0.400 2 0.600
C10M40	10	65.13	2	1 0.400 2 0.600
C10M41	10	66.80	2	1 0.400 2 0.600
C10M42	10	68.47	2	1 0.400 2 0.600
C10M43	10	70.14	2	1 0.400 2 0.600
C10M44	10	71.81	2	1 0.400 2 0.600
C10M45	10	73.48	2	1 0.400 2 0.600
C10M46	10	75.15	2	1 0.400 2 0.600
C10M47	10	76.82	2	1 0.400 2 0.600
C10M48	10	78.49	2	1 0.400 2 0.600
C10M49	10	80.16	2	1 0.400 2 0.600
C10M50	10	81.83	2	1 0.400 2 0.600
C10M51	10	83.50	2	1 0.400 2 0.600
C10M52	10	85.17	2	1 0.400 2 0.600
C10M53	10	86.84	2	1 0.400 2 0.600
C10M54	10	88.51	2	1 0.400 2 0.600
C10M55	10	90.18	2	1 0.400 2 0.600
C10M56	10	91.85	2	1 0.400 2 0.600
C10M57	10	93.52	2	1 0.400 2 0.600
C10M58	10	95.19	2	1 0.400 2 0.600
C10M59	10	96.86	2	1 0.400 2 0.600
C10M60	10	98.53	2	1 0.400 2 0.600
C10M61	10	100.20	2	1 0.400 2 0.600
C10M62	10	101.87	2	1 0.400 2 0.600
C10M63	10	103.54	2	1 0.400 2 0.600
C10M64	10	105.21	2	1 0.400 2 0.600
C10M65	10	106.88	2	1 0.400 2 0.600
C10M66	10	108.55	2	1 0.400 2 0.600
C10M67	10	110.22	2	1 0.400 2 0.600
C10M68	10	111.89	2	1 0.400 2 0.600
C10M69	10	113.56	2	1 0.400 2 0.600
C10M70	10	115.23	2	1 0.400 2 0.600
C10M71	10	116.90	2	1 0.400 2 0.600
C10M72	10	118.57	2	1 0.400 2 0.600
C10M73	10	120.24	2	1 0.400 2 0.600
C10M74	10	121.91	2	1 0.400 2 0.600
C10M75	10	123.58	2	1 0.400 2 0.600
C10M76	10	125.25	2	1 0.400 2 0.600
C10M77	10	126.92	2	1 0.400 2 0.600
C10M78	10	128.59	2	1 0.400 2 0.600
C10M79	10	130.26	2	1 0.400 2 0.600
C10M80	10	131.93	2	1 0.400 2 0.600
C10M81	10	133.60	2	1 0.400 2 0.600
C10M82	10	135.27	2	1 0.400 2 0.600
C10M83	10	136.94	2	1 0.400 2 0.600
C10M84	10	138.61	2	1 0.400 2 0.600
C10M85	10	140.28	2	1 0.400 2 0.600
C10M86	10	141.95	2	1 0.400 2 0.600
C10M87	10	143.62	2	1 0.400 2 0.600
C10M88	10	145.29	2	1 0.400 2 0.600
C10M89	10	146.96	2	1 0.400 2 0.600
C10M90	10	148.63	2	1 0.400 2 0.600
C10M91	10	150.30	2	1 0.400 2 0.600
C11M1	11	0.00	2	1 0.400 2 0.600
C11M2	11	1.67	2	1 0.400 2 0.600
C11M3	11	3.34	2	1 0.400 2 0.600
C11M4	11	5.01	2	1 0.400 2 0.600
C11M5	11	6.68	2	1 0.400 2 0.600
C11M6	11	8.35	2	1 0.400 2 0.600
C11M7	11	10.02	2	1 0.400 2 0.600
C11M8	11	11.69	2	1 0.400 2 0.600
C11M9	11	13.36	2	1 0.400 2 0.600
C11M10	11	15.03	2	1 0.400 2 0.600
C11M11	11	16.70	2	1 0.400 2 0.600
C11M12	11	18.37	2	1 0.400 2 0.600
C11M13	11	20.04	2	1 0.400 2 0.600
C11M14	11	21.71	2	1 0.400 2 0.600
C11M15	11	23.38	2	1 0.400 2 0.600
C11M16	11	25.05	2	1 0.400 2 0.600
C11M17	11	26.72	2	1 0.400 2 0.600
C11M18	11	28.39	2	1 0.400 2 0.600
C11M19	11	30.06	2	1 0.400 2 0.600
C11M20	11	31.73	2	1 0.400 2 0.600
C11M21	11	33.40	2	1 0.400 2 0.600
C11M22	11	35.07	2	1 0.400 2 0.600
C11M23	11	36.74	2	1 0.400 2 0.600
C11M24	11	38.41	2	1 0.400 2 0.600
C11M25	11	40.08	2	1 0.400 2 0.600
C11M26	11	41.75	2	1 0.400 2 0.600
C11M27	11	43.42	2	1 0.400 2 0.600
C11M28	11	45.09	2	1 0.400 2 0.600
C11M29	11	46.76	2	1 0.400 2 0.600
C11M30	11	48.43	2	1 0.400 2 0.600
C11M31	11	50.10	2	1 0.400 2 0.600
C11M32	11	51.77	2	1 0.400 2 0.600
C11M33	11	53.44	2	1 0.400 2 0.600
C11M34	11	55.11	2	1 0.400 2 0.600
C11M35	11	56.78	2	1 0.400 2 0.600
C11M36	11	58.45	2	1 0.400 2 0.600
C11M37	11	60.12	2	1 0.400 2 0.600
C11M38	11	61.79	2	1 0.400 2 0.600
C11M39	11	63.46	2	1 0.400 2 0.600
C11M40	11	65.13	2	1 0.400 2 0.600
C11M41	11	66.80	2	1 0.400 2 0.600
C11M42	11	68.47	2	1 0.400 2 0.600
C11M43	11	70.14	2	1 0.400 2 0.600
C11M44	11	71.81	2	1 0.400 2 0.600
C11M45	11	73.48	2	1 0.400 2 0.600
C11M46	11	75.15	2	1 0.400 2 0.600
C11M47	11	76.82	2	1 0.400 2 0.600
C11M48	11	78.49	2	1 0.400 2 0.600
C11M49	11	80.16	2	1 0.400 2 0.600
C11M50	11	81.83	2	1 0.400 2 0.600
C11M51	11	83.50	2	1 0.400 2 0.600
C11M52	11	85.17	2	1 0.400 2 0.600
C11M53	11	86.84	2	1 0.400 2 0.600
C11M54	11	88.51	2	1 0.400 2 0.600
C11M55	11	90.18	2	1 0.400 2 0.600
C11M56	11	91.85	2	1 0.400 2 0.600
C11M57	11	93.52	2	1 0.400 2 0.600
C11M58	11	95.19	2	1 0.400 2 0.600
C11M59	11	96.86	2	1 0.400 2 0.600
C11M60	11	98.53	2	1 0.400 2 0.600
C11M61	11	100.20	2	1 0.400 2 0.600
C11M62	11	101.87	2	1 0.400 2 0.600
C11M63	11	103.54	2	1 0.400 2 0.600
C11M64	11	105.21	2	1 0.400 2 0.600
C11M65	11	106.88	2	1 0.400 2 0.600
C11M66	11	108.55	2	1 0.400 2 0.600
C11M67	11	110.22	2	1 0.400 2 0.600
C11M68	11	111.89	2	1 0.400 2 0.600
C11M69	11	113.56	2	1 0.400 2 0.600
C11M70	11	115.23	2	1 0.400 2 0.600
C11M71	11	116.90	2	1 0.400 2 0.600
C11M72	11	118.57	2	1 0.400 2 0.600
C11M73	11	120.24	2	1 0.400 2 0.600
C11M74	11	121.91	2	1 0.400 2 0.600
C11M75	11	123.58	2	1 0.400 2 0.600
C11M76	11	125.25	2	1 0.400 2 0.600
C11M77	11	126.92	2	1 0.400 2 0.600
C11M78	11	128.59	2	1 0.400 2 0.600
C11M79	11	130.26	2	1 0.400 2 0.600
C11M80	11	131.93	2	1 0.400 2 0.600
C11M81	11	133.60	2	1 0.400 2 0.600
C11M82	11	135.27	2	1 0.400 2 0.600
C11M83	11	136.94	2	1 0.400 2 0.600
C11M84	11	138.61	2	1 0.400 2 0.600
C11M85	11	140.28	2	1 0.400 2 0.600
C11M86	11	141.95	2	1 0.400 2 0.600
C11M87	11	143.62	2	1 0.400 2 0.600
C11M88	11	145.29	2	1 0.400 2 0.600
C11M89	11	146.96	2	1 0.400 2 0.600
C11M90	11	148.63	2	1 0.400 2 0.600
C11M91	11	150.30	2	1 0.400 2 0.600
C12M1	12	0.00	2	1 0.400 2 0.600
C12M2	12	1.67	2	1 0.400 2 0.600
C12M3	12	3.34	2	1 0.400 2 0.600
C12M4	12	5.01	2	1 0.400 2 0.600
C12M5	12	6.68	2	1 0.400 2 0.600
C12M6	12	8.35	2	1 0.400 2 0.600
C12M7	12	10.02	2	1 0.400 2 0.600
C12M8	12	11.69	2	1 0.400 2 0.600
C12M9	12	13.36	2	1 0.400 2 0.600
C12M10	12	15.03	2	1 0.400 2 0.600
C12M11	12	16.70	2	1 0.400 2 0.600
C12M12	12	18.37	2	1 0.400 2 0.600
C12M13	12	20.04	2	1 0.400 2 0.600
C12M14	12	21.71	2	1 0.400 2 0.600
C12M15	12	23.38	2	1 0.400 2 0.600
C12M16	12	25.05	2	1 0.400 2 0.600
C12M17	12	26.72	2	1 0.400 2 0.600
C12M18	12	28.39	2	1 0.400 2 0.600
C12M19	12	30.06	2	1 0.400 2 0.600
C12M20	12	31.73	2	1 0.400 2 0.600
C12M21	12	33.40	2	1 0.400 2 0.600
C12M22	12	35.07	2	1 0.400 2 0.600
C12M23	12	36.74	2	1 0.400 2 0.600
C12M24	12	38.41	2	1 0.400 2 0.600
C12M25	12	40.08	2	1 0.400 2 0.600
C12M26	12	41.75	2	1 0.400 2 0.600
C12M27	12	43.42	2	1 0.400 2 0.600
C12M28	12	45.09	2	1 0.400 2 0.600
C12M29	12	46.76	2	1 0.400 2 0.600
C12M30	12	48.43	2	1 0.400 2 0.600
C12M31	12	50.10	2	1 0.400 2 0.600
C12M32	12	51.77	2	1 0.400 2 0.600
C12M33	12	53.44	2	1 0.400 2 0.600
C12M34	12	55.11	2	1 0.400 2 0.600
C12M35	12	56.78	2	1 0.400 2 0.600
C12M36	12	58.45	2	1 0.400 2 0.600
C12M37	12	60.12	2	1 0.400 2 0.600
C12M38	12	61.79	2	1 0.400 2 0.600
C12M39	12	63.46	2	1 0.400 2 0.600
C12M40	12	65.13	2	1 0.400 2 0.600
C12M41	12	66.80	2	1 0.400 2 0.600
C12M42	12	68.47	2	1 0.400 2 0.600
C12M43	12	70.14	2	1 0.400 2 0.600
C12M44	12	71.81	2	1 0.400 2 0.600
C12M45	12	73.48	2	1 0.400 2 0.600
C12M46	12	75.15	2	1 0.400 2 0.600
C12M47	12	76.82	2	1 0.400 2 0.600
C12M48	12	78.49	2	1 0.400 2 0.600
C12M49	12	80.16	2	1 0.400 2 0.600
C12M50	12	81.83	2	1 0.400 2 0.600
C12M51	12	83.50	2	1 0.400 2 0.600
C12M52	12	85.17	2	1 0.400 2 0.600
C12M53	12	86.84	2	1 0.400 2 0.600
C12M54	12	88.51	2	1 0.400 2 0.600
C12M55	12	90.18	2	1 0.400 2 0.600
C12M56	12	91.85	2	1 0.400 2 0.600
C12M57	12	93.52	2	1 0.400 2 0.600
C12M58	12	95.19	2	1 0.400 2 0.600
C12M59	12	96.86	2	1 0.400 2 0.600
C12M60	12	98.53	2	1 0.400 2 0.600
C12M61	12	100.20	2	1 0.400 2 0.600
C12M62	12	101.87	2	1 0.400 2 0.600
C12M63	12	103.54	2	1 0.400 2 0.600
C12M64	12	105.21	2	1 0.400 2 0.600
C12M65	12	106.88	2	1 0.400 2 0.600
C12M66	12	108.55	2	1 0.400 2 0.600
C12M67	12	110.22	2	1 0.400 2 0.600
C12M68	12	111.89	2	1 0.400 2 0.600
C12M69	12	113.56	2	1 0.400 2 0.600
C12M70	12	115.23	2	1 0.400 2 0.600
C12M71	12	116.90	2	1 0.400 2 0.600
C12M72	12	118.57	2	1 0.400 2 0.600
C12M73	12	120.24	2	1 0.400 2 0.600
C12M74	12	121.91	2	1 0.400 2 0.600
C12M75	12	123.58	2	1 0.400 2 0.600
C12M76	12	125.25	2	1 0.400 2 0.600
C12M77	12	126.92	2	1 0.400 2 0.600
C12M78	12	128.59	2	1 0.400 2 0.600
C12M79	12	130.26	2	1 0.400 2 0.600
C12M80	12	131.93	2	1 0.400 2 0.600
C12M81	12	133.60	2	1 0.400 2 0.600
C12M82	12	135.27	2	1 0.400 2 0.600
C12M83	12	136.94	2	1 0.400 2 0.600
C12M84	12	138.61	2	1 0.400 2 0.600
C12M85	12	140.28	2	1 0.400 2 0.600
C12M86	12	141.95	2	1 0.400 2 0.600
C12M87	12	143.62	2	1 0.400 2 0.600
C12M88	12	145.29	2	1 0.400 2 0.600
C12M89	12	146.96	2	1 0.400 2 0.600
C12M90	12	148.63	2	1 0.400 2 0.600
C12M91	12	150.30	2	1 0.400 2 0.600
C13M1	13	0.00	2	1 0.400 2 0.600
C13M2	13	1.67	2	1 0.400 2 0.600
C13M3	13	3.34	2	1 0.400 2 0.600
C13M4	13	5.01	2	1 0.400 2 0.600
C13M5	13	6.68	2	1 0.400 2 0.600
C13M6	13	8.35	2	1 0.400 2 0.600
C13M7	13	10.02	2	1 0.400 2 0.600
C13M8	13	11.69	2	1 0.400 2 0.600
C13M9	13	13.36	2	1 0.400 2 0.600
C13M10	13	15.03	2	1 0.400 2 0.600
C13M11	13	16.70	2	1 0.400 2 0.600
C13M12	13	18.37	2	1 0.400 2 0.600
C13M13	13	20.04	2	1 0.400 2 0.600
C13M14	13	21.71	2	1 0.400 2 0.600
C13M15	13	23.38	2	1 0.400 2 0.600
C13M16	13	25.05	2	1 0.400 2 0.600
C13M17	13	26.72	2	1 0.400 2 0.600
C13M18	13	28.39	2	1 0.400 2 0.600
C13M19	13	30.06	2	1 0.400 2 0.600
C13M20	13	31.73	2	1 0.400 2 0.600
C13M21	13	33.40	2	1 0.400 2 0.600
C13M22	13	35.07	2	1 0.400 2 0.600
C13M23	13	36.74	2	1 0.400 2 0.600
C13M24	13	38.41	2	1 0.400 2 0.600
C13M25	13	40.08	2	1 0.400 2 0.600
C13M26	13	41.75	2	1 0.400 2 0.600
C13M27	13	43.42	2	1 0.400 2 0.600
C13M28	13	45.09	2	1 0.400 2 0.600
C13M29	13	46.76	2	1 0.400 2 0.600
C13M30	13	48.43	2	1 0.400 2 0.600
C13M31	13	50.10	2	1 0.400 2 0.600
C13M32	13	51.77	2	1 0.400 2 0.600
C13M33	13	53.44	2	1 0.400 2 0.600
C13M34	13	55.11	2	1 0.400 2 0.600
C13M35	13	56.78	2	1 0.400 2 0.600
C13M36	13	58.45	2	1 0.400 2 0.600
C13M37	13	60.12	2	1 0.400 2 0.600
C13M38	13	61.79	2	1 0.400 2 0.600
C13M39	13	63.46	2	1 0.400 2 0.600
C13M40	13	65.13	2	1 0.400 2 0.600
C13M41	13	66.80	2	1 0.400 2 0.600
C13M42	13	68.47	2	1 0.400 2 0.600
C13M43	13	70.14	2	1 0.400 2 0.600
C13M44	13	71.81	2	1 0.400 2 0.600
C13M45	13	73.48	2	1 0.400 2 0.600
C13M46	13	75.15	2	1 0.400 2 0.600
C13M47	13	76.82	2	1 0.400 2 0.600
C13M48	13	78.49	2	1 0.400 2 0.600
C13M49	13	80.16	2	1 0.400 2 0.600
C13M50	13	81.83	2	1 0.400 2 0.600
C13M51	13	83.50	2	1 0.400 2 0.600
C13M52	13	85.17	2	1 0.400 2 0.600
C13M53	13	86.84	2	1 0.400 2 0.600
C13M54	13	88.51	2	1 0.400 2 0.600
C13M55	13	90.18	2	1 0.400 2 0.600
C13M56	13	91.85	2	1 0.400 2 0.600
C13M57	13	93.52	2	1 0.400 2 0.600
C13M58	13	95.19	2	1 0.400 2 0.600
C13M59	13	96.86	2	1 0.400 2 0.600
C13M60	13	98.53	2	1 0.400 2 0.600
C13M61	13	100.20	2	1 0.400 2 0.600
C14M1	14	0.00	2	1 0.400 2 0.600
C14M2	14	1.67	2	1 0.400 2 0.600
C14M3	14	3.34	2	1 0.400 2 0.600
C14M4	14	5.01	2	1 0.400 2 0.600
C14M5	14	6.68	2	1 0.400 2 0.600
C14M6	14	8.35	2	1 0.400 2 0.600
C14M7	14	10.02	2	1 0.400 2 0.600
C14M8	14	11.69	2	1 0.400 2 0.600
C14M9	14	13.36	2	1 0.400 2 0.600
C14M10	14	15.03	2	1 0.400 2 0.600
C14M11	14	16.70	2	1 0.400 2 0.600
C14M12	14	18.37	2	1 0.400 2 0.600
C14M13	14	20.04	2	1 0.400 2 0.600
C14M14	14	21.71	2	1 0.400 2 0.600
C14M15	14	23.38	2	1 0.400 2 0.600
C14M16	14	25.05	2	1 0.400 2 0.600
C14M17	14	26.72	2	1 0.400 2 0.600
C14M18	14	28.39	2	1 0.400 2 0.600
C14M19	14	30.06	2	1 0.400 2 0.600
C14M20	14	31.73	2	1 0.400 2 0.600
C14M21	14	33.40	2	1 0.400 2 0.600
C14M22	14	35.07	2	1 0.400 2 0.600
C14M23	14	36.74	2	1 0.400 2 0.600
C14M24	14	38.41	2	1 0.400 2 0.600
C14M25	14	40.08	2	1 0.400 2 0.600
C14M26	14	41.75	2	1 0.400 2 0.600
C14M27	14	43.42	2	1 0.400 2 0.600
C14M28	14	45.09	2	1 0.400 2 0.600
C14M29	14	46.76	2	1 0.400 2 0.600
C14M30	14	48.43	2	1 0.400 2 0.600
C14M31	14	50.10	2	1 0.400 2 0.600
C14M32	14	51.77	2	1 0.400 2 0.600
C14M33	14	53.44	2	1 0.400 2 0.600
C14M34	14	55.11	2	1 0.400 2 0.600
C14M35	14	56.78	2	1 0.400 2 0.600
C14M36	14	58.45	2	1 0.400 2 0.600
C14M37	14	60.12	2	1 0.400 2 0.600
C14M38	14	61.79	2	1 0.400 2 0.600
C14M39	14	63.46	2	1 0.400 2 0.600
C14M40	14	65.13	2	1 0.400 2 0.600
C14M41	14	66.80	2	1 0.400 2 0.600
C14M42	14	68.47	2	1 0.400 2 0.600
C14M43	14	70.14	2	1 0.400 2 0.600
C14M44	14	71.81	2	1 0.400 2 0.600
C14M45	14	73.48	2	1 0.400 2 0.600
C14M46	14	75.15	2	1 0.400 2 0.600
C14M47	14	76.82	2	1 0.400 2 0.600
C14M48	14	78.49	2	1 0.400 2 0.600
C14M49	14	80.16	2	1 0.400 2 0.600
C14M50	14	81.83	2	1 0.400 2 0.600
C14M51	14	83.50	2	1 0.400 2 0.600
C14M52	14	85.17	2	1 0.400 2 0.600
C14M53	14	86.84	2	1 0.400 2 0.600
C14M54	14	88.51	2	1 0.400 2 0.600
C14M55	14	90.18	2	1 0.400 2 0.600
C14M56	14	91.85	2	1 0.400 2 0.600
C14M57	14	93.52	2	1 0.400 2 0.600
C14M58	14	95.19	2	1 0.400 2 0.600
C14M59	14	96.86	2	1 0.400 2 0.600
C14M60	14	98.53	2	1 0.400 2 0.600
C14M61	14	100.20	2	1 0.400 2 0.600
C15M1	15	0.00	2	1 0.400 2 0.600
C15M2	15	1.67	2	1 0.400 2 0.600
C15M3	15	3.34	2	1 0.400 2 0.600
C15M4	15	5.01	2	1 0.400 2 0.600
C15M5	15	6.68	2	1 0.400 2 0.600
C15M6	15	8.35	2	1 0.400 2 0.600
C15M7	15	10.02	2	1 0.400 2 0.600
C15M8	15	11.69	2	1 0.400 2 0.600
C15M9	15	13.36	2	1 0.400 2 0.600
C15M10	15	15.03	2	1 0.400 2 0.600
C15M11	15	16.70	2	1 0.400 2 0.600
C15M12	15	18.37	2	1 0.400 2 0.600
C15M13	15	20.04	2	1 0.400 2 0.600
C15M14	15	21.71	2	1 0.400 2 0.600
C15M15	15	23.38	2	1 0.400 2 0.600
C15M16	15	25.05	2	1 0.400 2 0.600
C15M17	15	26.72	2	1 0.400 2 0.600
C15M18	15	28.39	2	1 0.400 2 0.600
C15M19	15	30.06	2	1 0.400 2 0.600
C15M20	15	31.73	2	1 0.400 2 0.600
C15M21	15	33.40	2	1 0.400 2 0.600
C15M22	15	35.07	2	1 0.400 2 0.600
C15M23	15	36.74	2	1 0.400 2 0.600
C15M24	15	38.41	2	1 0.400 2 0.600
C15M25	15	40.08	2	1 0.400 2 0.600
C15M26	15	41.75	2	1 0.400 2 0.600
C15M27	15	43.42	2	1 0.400 2 0.600
C15M28	15	45.09	2	1 0.400 2 0.600
C15M29	15	46.76	2	1 0.400 2 0.600
C15M30	15	48.43	2	1 0.400 2 0.600
C15M31	15	50.10	2	1 0.400 2 0.600
C15M32	15	51.77	2	1 0.400 2 0.600
C15M33	15	53.44	2	1 0.400 2 0.600
C15M34	15	55.11	2	1 0.400 2 0.600
C15M35	15	56.78	2	1 0.400 2 0.600
C15M36	15	58.45	2	1 0.400 2 0.600
C15M37	15	60.12	2	1 0.400 2 0.600
C15M38	15	61.79	2	1 0.400 2 0.600
C15M39	15	63.46	2	1 0.400 2 0.600
C15M40	15	65.13	2	1 0.400 2 0.600
C15M41	15	66.80	2	1 0.400 2 0.600
C15M42	15	68.47	2	1 0.400 2 0.600
C15M43	15	70.14	2	1 0.400 2 0.600
C15M44	15	71.81	2	1 0.400 2 0.600
C15M45	15	73.48	2	1 0.400 2 0.600
C15M46	15	75.15	2	1 0.400 2 0.600
C15M47	15	76.82	2	1 0.400 2 0.600
C15M48	15	78.49	2	1 0.400 2 0.600
C15M49	15	80.16	2	1 0.400 2 0.600
C15M50	15	81.83	2	1 0.400 2 0.600
C15M51	15	83.50	2	1 0.400 2 0.600
C15M52	15	85.17	2	1 0.400 2 0.600
C15M53	15	86.84	2	1 0.400 2 0.600
C15M54	15	88.51	2	1 0.400 2 0.600
C15M55	15	90.18	2	1 0.400 2 0.600
C15M56	15	91.85	2	1 0.400 2 0.600
C15M57	15	93.52	2	1 0.400 2 0.600
C15M58	15	95.19	2	1 0.400 2 0.600
C15M59	15	96.86	2	1 0.400 2 0.600
C15M60	15	98.53	2	1 0.400 2 0.600
C15M61	15	100.20	2	1 0.400 2 0.600
C16M1	16	0.00	2	1 0.400 2 0.600
C16M2	16	1.67	2	1 0.400 2 0.600
C16M3	16	3.34	2	1 0.400 2 0.600
C16M4	16	5.01	2	1 0.400 2 0.600
C16M5	16	6.68	2	1 0.400 2 0.600
C16M6	16	8.35	2	1 0.400 2 0.600
C16M7	16	10.02	2	1 0.400 2 0.600
C16M8	16	11.69	2	1 0.400 2 0.600
C16M9	16	13.36	2	1 0.400 2 0.600
C16M10	16	15.03	2	1 0.400 2 0.600
C16M11	16	16.70	2	1 0.400 2 0.600
C16M12	16	18.37	2	1 0.400 2 0.600
C16M13	16	20.04	2	1 0.400 2 0.600
C16M14	16	21.71	2	1 0.400 2 0.600
C16M15	16	23.38	2	1 0.400 2 0.600
C16M16	16	25.05	2	1 0.400 2 0.600
C16M17	16	26.72	2	1 0.400 2 0.600
C16M18	16	28.39	2	1 0.400 2 0.600
C16M19	16	30.06	2	1 0.400 2 0.600
C16M20	16	31.73	2	1 0.400 2 0.600
C16M21	16	33.40	2	1 0.400 2 0.600
C16M22	16	35.07	2	1 0.400 2 0.600
C16M23	16	36.74	2	1 0.400 2 0.600
C16M24	16	38.41	2	1 0.400 2 0.600
C16M25	16	40.08	2	1 0.400 2 0.600
C16M26	16	41.75	2	1 0.400 2 0.600
C16M27	16	43.42	2	1 0.400 2 0.600
C16M28	16	45.09	2	1 0.400 2 0.600
C16M29	16	46.76	2	1 0.400 2 0.600
C16M30	16	48.43	2	1 0.400 2 0.600
C16M31	16	50.10	2	1 0.400 2 0.600
C16M32	16	51.77	2	1 0.400 2 0.600
C16M33	16	53.44	2	1 0.400 2 0.600
C16M34	16	55.11	2	1 0.400 2 0.600
C16M35	16	56.78	2	1 0.400 2 0.600
C16M36	16	58.45	2	1 0.400 2 0.600
C16M37	16	60.12	2	1 0.400 2 0.600
C16M38	16	61.79	2	1 0.400 2 0.600
C16M39	16	63.46	2	1 0.400 2 0.600
C16M40	16	65.13	2	1 0.400 2 0.600
C16M41	16	66.80	2	1 0.400 2 0.600
C16M42	16	68.47	2	1 0.400 2 0.600
C16M43	16	70.14	2	1 0.400 2 0.600
C16M44	16	71.81	2	1 0.400 2 0.600
C16M45	16	73.48	2	1 0.400 2 0.600
C16M46	16	75.15	2	1 0.400 2 0.600
C16M47	16	76.82	2	1 0.400 2 0.600
C16M48	16	78.49	2	1 0.400 2 0.600
C16M49	16	80.16	2	1 0.400 2 0.600
C16M50	16	81.83	2	1 0.400 2 0.600
C16M51	16	83.50	2	1 0.400 2 0.600
C16M52	16	85.17	2	1 0.400 2 0.600
C16M53	16	86.84	2	1 0.400 2 0.600
C16M54	16	88.51	2	1 0.400 2 0.600
C16M55	16	90.18	2	1 0.400 2 0.600
C16M56	16	91.85	2	1 0.400 2 0.600
C16M57	16	93.52	2	1 0.400 2 0.600
C16M58	16	95.19	2	1 0.400 2 0.600
C16M59	16	96.86	2	1 0.400 2 0.600
C16M60	16	98.53	2	1 0.400 2 0.600
C16M61	16	100.20	2	1 0.400 2 0.600
C17M1	17	0.00	2	1 0.400 2 0.600
C17M2	17	1.67	2	1 0.400 2 0.600
C17M3	17	3.34	2	1 0.400 2 0.600
C17M4	17	5.01	2	1 0.400 2 0.600
C17M5	17	6.68	2	1 0.400 2 0.600
C17M6	17	8.35	2	1 0.400 2 0.600
C17M7	17	10.02	2	1 0.400 2 0.600
C17M8	17	11.69	2	1 0.400 2 0.600
C17M9	17	13.36	2	1 0.400 2 0.600
C17M10	17	15.03	2	1 0.400 2 0.600
C17M11	17	16.70	2	1 0.400 2 0.600
C17M12	17	18.37	2	1 0.400 2 0.600
C17M13	17	20.04	2	1 0.400 2 0.600
C17M14	17	21.71	2	1 0.400 2 0.600
C17M15	17	23.38	2	1 0.400 2 0.600
C17M16	17	25.05	2	1 0.400 2 0.600
C17M17	17	26.72	2	1 0.400 2 0.600
C17M18	17	28.39	2	1 0.400 2 0.600
C17M19	17	30.06	2	1 0.400 2 0.600
C17M20	17	31.73	2	1 0.400 2 0.600
C17M21	17	33.40	2	1 0.400 2 0.600
C17M22	17	35.07	2	1 0.400 2 0.600
C17M23	17	36.74	2	1 0.400 2 0.600
C17M24	17	38.41	2	1 0.400 2 0.600
C17M25	17	40.08	2	1 0.400 2 0.600
C17M26	17	41.75	2	1 0.400 2 0.600
C17M27	17	43.42	2	1 0.400 2 0.600
C17M28	17	45.09	2	1 0.400 2 0.600
C17M29	17	46.76	2	1 0.400 2 0.600
C17M30	17	48.43	2	1 0.400 2 0.600
C17M31	17	50.10	2	1 0.400 2 0.600
C17M32	17	51.77	2	1 0.400 2 0.600
C17M33	17	53.44	2	1 0.400 2 0.600
C17M34	17	55.11	2	1 0.400 2 0.600
C17M35	17	56.78	2	1 0.400 2 0.600
C17M36	17	58.45	2	1 0.400 2 0.600
C17M37	17	60.12	2	1 0.400 2 0.600
C17M38	17	61.79	2	1 0.400 2 0.600
C17M39	17	63.46	2	1 0.400 2 0.600
C17M40	17	65.13	2	1 0.400 2 0.600
C17M41	17	66.80	2	1 0.400 2 0.600
C17M42	17	68.47	2	1 0.400 2 0.600
C17M43	17	70.14	2	1 0.400 2 0.600
C17M44	17	71.81	2	1 0.400 2 0.600
C17M45	17	73.48	2	1 0.400 2 0.600
C17M46	17	75.15	2	1 0.400 2 0.600
C17M47	17	76.82	2	1 0.400 2 0.600
C17M48	17	78.49	2	1 0.400 2 0.600
C17M49	17	80.16	2	1 0.400 2 0.600
C17M50	17	81.83	2	1 0.400 2 0.600
C17M51	17	83.50	2	1 0.400 2 0.600
C17M52	17	85.17	2	1 0.400 2 0.600
C17M53	17	86.84	2	1 0.400 2 0.600
C17M54	17	88.51	2	1 0.400 2 0.600
C17M55	17	90.18	2	1 0.400 2 0.600
C17M56	17	91.85	2	1 0.400 2 0.600
C17M57	17	93.52	2	1 0.400 2 0.600
C17M58	17	95.19	2	1 0.400 2 0.600
C17M59	17	96.86	2	1 0.400 2 0.600
C17M60	17	98.53	2	1 0.400 2 0.600
C17M61	17	100.20	2	1 0.400 2 0.600
C18M1	18	0.00	2	1 0.400 2 0.600
C18M2	18	1.67	2	1 0.400 2 0.600
C18M3	18	3.34	2	1 0.400 2 0.600
C18M4	18	5.01	2	1 0.400 2 0.600
C18M5	18	6.68	2	1 0.400 2 0.600
C18M6	18	8.35	2	1 0.400 2 0.600
C18M7	18	10.02	2	1 0.400 2 0.600
C18M8	18	11.69	2	1 0.400 2 0.600
C18M9	18	13.36	2	1 0.400 2 0.600
C18M10	18	15.03	2	1 0.400 2 0.600
C18M11	18	16.70	2	1 0.400 2 0.600
C18M12	18	18.37	2	1 0.400 2 0.600
C18M13	18	20.04	2	1 0.400 2 0.600
C18M14	18	21.71	2	1 0.400 2 0.600
C18M15	18	23.38	2	1 0.400 2 0.600
C18M16	18	25.05	2	1 0.400 2 0.600
C18M17	18	26.72	2	1 0.400 2 0.600
C18M18	18	28.39	2	1 0.400 2 0.600
C18M19	18	30.06	2	1 0.400 2 0.600
C18M20	18	31.73	2	1 0.400 2 0.600
C18M21	18	33.40	2	1 0.400 2 0.600
C18M22	18	35.07	2	1 0.400 2 0.600
C18M23	18	36.74	2	1 0.400 2 0.600
C18M24	18	38.41	2	1 0.400 2 0.600
C18M25	18	40.08	2	1 0.400 2 0.600
C18M26	18	41.75	2	1 0.400 2 0.600
C18M27	18	43.42	2	1 0.400 2 0.600
C18M28	18	45.09	2	1 0.400 2 0.600
C18M29	18	46.76	2	1 0.400 2 0.600
C18M30	18	48.43	2	1 0.400 2 0.600
C18M31	18	50.10	2	1 0.400 2 0.600
C18M32	18	51.77	2	1 0.400 2 0.600
C18M33	18	53.44	2	1 0.400 2 0.600
C18M34	18	55.11	2	1 0.400 2 0.600
C18M35	18	56.78	2	1 0.400 2 0.600
C18M36	18	58.45	2	1 0.400 2 0.600
C18M37	18	60.12	2	1 0.400 2 0.600
C18M38	18	61.79	2	1 0.400 2 0.600
C18M39	18	63.46	2	1 0.400 2 0.600
C18M40	18	65.13	2	1 0.400 2 0.600
C18M41	18	66.80	2	1 0.400 2 0.600
C18M42	18	68.47	2	1 0.400 2 0.600
C18M43	18	70.14	2	1 0.400 2 0.600
C18M44	18	71.81	2	1 0.400 2 0.600
C18M45	18	73.48	2	1 0.400 2 0.600
C18M46	18	75.15	2	1 0.400 2 0.600
C18M47	18	76.82	2	1 0.400 2 0.600
C18M48	18	78.49	2	1 0.400 2 0.600
C18M49	18	80.16	2	1 0.400 2 0.600
C18M50	18	81.83	2	1 0.400 2 0.600
C18M51	18	83.50	2	1 0.400 2 0.600
C18M52	18	85.17	2	1 0.400 2 0.600
C18M53	18	86.84	2	1 0.400 2 0.600
C18M54	18	88.51	2	1 0.400 2 0.600
C18M55	18	90.18	2	1 0.400 2 0.600
C18M56	18	91.85	2	1 0.400 2 0.600
C18M57	18	93.52	2	1 0.400 2 0.600
C18M58	18	95.19	2	1 0.400 2 0.600
C18M59	18	96.86	2	1 0.400 2 0.600
C18M60	18	98.53	2	1 0.400 2 0.600
C18M61	18	100.20	2	1 0.400 2 0.600
C19M1	19	0.00	2	1 0.400 2 0.600
C19M2	19	1.67	2	1 0.400 2 0.600
C19M3	19	3.34	2	1 0.400 2 0.600
C19M4	19	5.01	2	1 0.400 2 0.600
C19M5	19	6.68	2	1 0.400 2 0.600
C19M6	19	8.35	2	1 0.400 2 0.600
C19M7	19	10.02	2	1 0.400 2 0.600
C19M8	19	11.69	2	1 0.400 2 0.600
C19M9	19	13.36	2	1 0.400 2 0.600
C19M10	19	15.03	2	1 0.400 2 0.600
C19M11	19	16.70	2	1 0.400 2 0.600
C19M12	19	18.37	2	1 0.400 2 0.600
C19M13	19	20.04	2	1 0.400 2 0.600
C19M14	19	21.71	2	1 0.400 2 0.600
C19M15	19	23.38	2	1 0.400 2 0.600
C19M16	19	25.05	2	1 0.400 2 0.600
C19M17	19	26.72	2	1 0.400 2 0.600
C19M18	19	28.39	2	1 0.400 2 0.600
C19M19	19	30.06	2	1 0.400 2 0.600
C19M20	19	31.73	2	1 0.400 2 0.600
C19M21	19	33.40	2	1 0.400 2 0.600
C19M22	19	35.07	2	1 0.400 2 0.600
C19M23	19	36.74	2	1 0.400 2 0.600
C19M24	19	38.41	2	1 0.400 2 0.600
C19M25	19	40.08	2	1 0.400 2 0.600
C19M26	19	41.75	2	1 0.400 2 0.600
C19M27	19	43.42	2	1 0.400 2 0.600
C19M28	19	45.09	2	1 0.400 2 0.600
C19M29	19	46.76	2	1 0.400 2 0.600
C19M30	19	48.43	2	1 0.400 2 0.600
C19M31	19	50.10	2	1 0.400 2 0.600
C19M32	19	51.77	2	1 0.400 2 0.600
C19M33	19	53.44	2	1 0.400 2 0.600
C19M34	19	55.11	2	1 0.400 2 0.600
C19M35	19	56.78	2	1 0.400 2 0.600
C19M36	19	58.45	2	1 0.400 2 0.600
C19M37	19	60.12	2	1 0.400 2 0.600
C19M38	19	61.79	2	1 0.400 2 0.600
C19M39	19	63.46	2	1 0.400 2 0.600
C19M40	19	65.13	2	1 0.400 2 0.600
C19M41	19	66.80	2	1 0.400 2 0.600
C19M42	19	68.47	2	1 0.400 2 0.600
C19M43	19	70.14	2	1 0.400 2 0.600
C19M44	19	71.81	2	1 0.400 2 0.600
C19M45	19	73.48	2	1 0.400 2 0.600
C19M46	19	75.15	2	1 0.400 2 0.600
C19M47	19	76.82	2	1 0.400 2 0.600
C19M48	19	78.49	2	1 0.400 2 0.600
C19M49	19	80.16	2	1 0.400 2 0.600
C19M50	19	81.83	2	1 0.400 2 0.600
C19M51	19	83.50	2	1 0.400 2 0.600
C19M52	19	85.17	2	1 0.400 2 0.600
C19M53	19	86.84	2	1 0.400 2 0.600
C19M54	19	88.51	2	1 0.400 2 0.600
C19M55	19	90.18	2	1 0.400 2 0.600
C19M56	19	91.85	2	1 0.400 2 0.600
C19M57	19	93.52	2	1 0.400 2 0.600
C19M58	19	95.19	2	1 0.400 2 0.600
C19M59	19	96.86	2	1 0.400 2 0.600
C19M60	19	98.53	2	1 0.400 2 0.600
C19M61	19	100.20	2	1 0.400 2 0.600
C20M1	20	0.00	2	1 0.400 2 0.600
C20M2	20	1.67	2	1 0.400 2 0.600
C20M3	20	3.34	2	1 0.400 2 0.600
C20M4	20	5.01	2	1 0.400 2 0.600
C20M5	20	6.68	2	1 0.400 2 0.600
C20M6	20	8.35	2	1 0.400 2 0.600
C20M7	20	10.02	2	1 0.400 2 0.600
C20M8	20	11.69	2	1 0.400 2 0.600
C20M9	20	13.36	2	1 0.400 2 0.600
C20M10	20	15.03	2	1 0.400 2 0.600
C20M11	20	16.70	2	1 0.400 2 0.600
C20M12	20	18.37	2	1 0.400 2 0.600
C20M13	20	20.04	2	1 0.400 2 0.600
C20M14	20	21.71	2	1 0.400 2 0.600
C20M15	20	23.38	2	1 0.400 2 0.600
C20M16	20	25.05	2	1 0.400 2 0.600
C20M17	20	26.72	2	1 0.400 2 0.600
C20M18	20	28.39	2	1 0.400 2 0.600
C20M19	20	30.06	2	1 0.400 2 0.600
C20M20	20	31.73	2	1 0.400 2 0.600
C20M21	20	33.40	2	1 0.400 2 0.600
C20M22	20	35.07	2	1 0.400 2 0.600
C20M23	20	36.74	2	1 0.400 2 0.600
C20M24	20	38.41	2	1 0.400 2 0.600
C20M25	20	40.08	2	1 0.400 2 0.600
C20M26	20	41.75	2	1 0.400 2 0.600
C20M27	20	43.42	2	1 0.400 2 0.600
C20M28	20	45.09	2	1 0.400 2 0.600
C20M29	20	46.76	2	1 0.400 2 0.600
C20M30	20	48.43	2	1 0.400 2 0.600
C20M31	20	50.10	2	1 0.400 2 0.600
C20M32	20	51.77	2	1 0.400 2 0.600
C20M33	20	53.44	2	1 0.400 2 0.600
C20M34	20	55.11	2	1 0.400 2 0.600
C20M35	20	56.78	2	1 0.400 2 0.600
C20M36	20	58.45	2	1 0.400 2 0.600
C20M37	20	60.12	2	1 0.400 2 0.600
C20M38	20	61.79	2	1 0.400 2 0.600
C20M39	20	63.46	2	1 0.400 2 0.600
C20M40	20	65.13	2	1 0.400 2 0.600
C20M41	20	66.80	2	1 0.400 2 0.600
C20M42	20	68.47	2	1 0.400 2 0.600
C20M43	20	70.14	2	1 0.400 2 0.600
C20M44	20	71.81	2	1 0.400 2 0.600
C20M45	20	73.48	2	1 0.400 2 0.600
C20M46	20	75.15	2	1 0.400 2 0.600
C20M47	20	76.82	2	1 0.400 2 0.600
C20M48	20	78.49	2	1 0.400 2 0.600
C20M49	20	80.16	2	1 0.400 2 0.600
C20M50	20	81.83	2	1 0.400 2 0.600
C20M51	20	83.50	2	1 0.400 2 0.600
C20M52	20	85.17	2	1 0.400 2 0.600
C20M53	20	86.84	2	1 0.400 2 0.600
C20M54	20	88.51	2	1 0.400 2 0.600
C20M55	20	90.18	2	1 0.400 2 0.600
C20M56	20	91.85	2	1 0.400 2 0.600
C20M57	20	93.52	2	1 0.400 2 0.600
C20M58	20	95.19	2	1 0.400 2 0.600
C20M59	20	96.86	2	1 0.400 2 0.600
C20M60	20	98.53	2	1 0.400 2 0.600
C20M61	20	100.20	2	1 0.400 2 0.600
C21M1	21	0.00	2	1 0.400 2 0.600
C21M2	21	1.67	2	1 0.400 2 0.600
C21M3	21	3.34	2	1 0.400 2 0.600
C21M4	21	5.01	2	1 0.400 2 0.600
C21M5	21	6.68	2	1 0.400 2 0.600
C21M6	21	8.35	2	1 0.400 2 0.600
C21M7	21	10.02	2	1 0.400 2 0.600
C21M8	21	11.69	2	1 0.400 2 0.600
C21M9	21	13.36	2	1 0.400 2 0.600
C21M10	21	15.03	2	1 0.400 2 0.600
C21M11	21	16.70	2	1 0.400 2 0.600
C21M12	21	18.37	2	1 0.400 2 0.600
C21M13	21	20.04	2	1 0.400 2 0.600
C21M14	21	21.71	2	1 0.400 2 0.600
C21M15	21	23.38	2	1 0.400 2 0.600
C21M16	21	25.05	2	1 0.400 2 0.600
C21M17	21	26.72	2	1 0.400 2 0.600
C21M18	21	28.39	2	1 0.400 2 0.600
C21M19	21	30.06	2	1 0.400 2 0.600
C21M20	21	31.73	2	1 0.400 2 0.600
C21M21	21	33.40	2	1 0.400 2 0.600
C21M22	21	35.07	2	1 0.400 2 0.600
C21M23	21	36.74	2	1 0.400 2 0.600
C21M24	21	38.41	2	1 0.400 2 0.600
C21M25	21	40.08	2	1 0.400 2 0.600
C21M26	21	41.75	2	1 0.400 2 0.600
C21M27	21	43.42	2	1 0.400 2 0.600
C21M28	21	45.09	2	1 0.400 2 0.600
C21M29	21	46.76	2	1 0.400 2 0.600
C21M30	21	48.43	2	1 0.400 2 0.600
C21M31	21	50.10	2	1 0.400 2 0.600
C22M1	22	0.00	2	1 0.400 2 0.600
C22M2	22	1.67	2	1 0.400 2 0.600
C22M3	22	3.34	2	1 0.400 2 0.600
C22M4	22	5.01	2	1 0.400 2 0.600
C22M5	22	6.68	2	1 0.400 2 0.600
C22M6	22	8.35	2	1 0.400 2 0.600
C22M7	22	10.02	2	1 0.400 2 0.600
C22M8	22	11.69	2	1 0.400 2 0.600
C22M9	22	13.36	2	1 0.400 2 0.600
C22M10	22	15.03	2	1 0.400 2 0.600
C22M11	22	16.70	2	1 0.400 2 0.600
C22M12	22	18.37	2	1 0.400 2 0.600
C22M13	22	20.04	2	1 0.400 2 0.600
C22M14	22	21.71	2	1 0.400 2 0.600
C22M15	22	23.38	2	1 0.400 2 0.600
C22M16	22	25.05	2	1 0.400 2 0.600
C22M17	22	26.72	2	1 0.400 2 0.600
C22M18	22	28.39	2	1 0.400 2 0.600
C22M19	22	30.06	2	1 0.400 2 0.600
C22M20	22	31.73	2	1 0.400 2 0.600
C22M21	22	33.40	2	1 0.400 2 0.600
C22M22	22	35.07	2	1 0.400 2 0.600
C22M23	22	36.74	2	1 0.400 2 0.600
C22M24	22	38.41	2	1 0.400 2 0.600
C22M25	22	40.08	2	1 0.400 2 0.600
C22M26	22	41.75	2	1 0.400 2 0.600
C22M27	22	43.42	2	1 0.400 2 0.600
C22M28	22	45.09	2	1 0.400 2 0.600
C22M29	22	46.76	2	1 0.400 2 0.600			 
C22M30	22	48.43	2	1 0.400 2 0.600
C22M31	22	50.10	2	1 0.400 2 0.600