C1M1	1	0.00	5	1 0.100 2 0.100 3 0.100 4 0.300 5 0.400
C1M4	1	5.01	5	1 0.100 2 0.100 3 0.100 4 0.300 5 0.400
C1M7	1	10.02	5	1 0.100 2 0.100 3 0.100 4 0.300 5 0.400
C1M10	1	15.03	5	1 0.100 2 0.100 3 0.100 4 0.300 5 0.400
C1M13	1	20.04	5	1 0.100 2 0.100 3 0.100 4 0.300 5 0.400
C1M16	1	25.05	5	1 0.100 2 0.100 3 0.100 4 0.300 5 0.400
C1M19	1	30.06	5	1 0.100 2 0.100 3 0.100 4 0.300 5 0.400
C1M22	1	35.07	5	1 0.100 2 0.100 3 0.100 4 0.300 5 0.400
C1M25	1	40.08	5	1 0.100 2 0.100 3 0.100 4 0.300 5 0.400
C1M28	1	45.09	5	1 0.100 2 0.100 3 0.100 4 0.300 5 0.400
C1M31	1	50.10	5	1 0.100 2 0.100 3 0.100 4 0.300 5 0.400
C1M34	1	55.11	5	1 0.100 2 0.100 3 0.100 4 0.300 5 0.400
C1M37	1	60.12	5	1 0.100 2 0.100 3 0.100 4 0.300 5 0.400
C1M40	1	65.13	5	1 0.100 2 0.100 3 0.100 4 0.300 5 0.400
C1M43	1	70.14	5	1 0.100 2 0.100 3 0.100 4 0.300 5 0.400
C1M46	1	75.15	5	1 0.100 2 0.100 3 0.100 4 0.300 5 0.400
C1M49	1	80.16	5	1 0.100 2 0.100 3 0.100 4 0.300 5 0.400
C1M52	1	85.17	5	1 0.100 2 0.100 3 0.100 4 0.300 5 0.400
C1M55	1	90.18	5	1 0.100 2 0.100 3 0.100 4 0.300 5 0.400
C1M58	1	95.19	5	1 0.100 2 0.100 3 0.100 4 0.300 5 0.400
C1M61	1	100.20	5	1 0.100 2 0.100 3 0.100 4 0.300 5 0.400
C1M64	1	105.21	5	1 0.100 2 0.100 3 0.100 4 0.300 5 0.400
C1M67	1	110.22	5	1 0.100 2 0.100 3 0.100 4 0.300 5 0.400
C1M70	1	115.23	5	1 0.100 2 0.100 3 0.100 4 0.300 5 0.400
C1M73	1	120.24	5	1 0.100 2 0.100 3 0.100 4 0.300 5 0.400
C1M76	1	125.25	5	1 0.100 2 0.100 3 0.100 4 0.300 5 0.400
C1M79	1	130.26	5	1 0.100 2 0.100 3 0.100 4 0.300 5 0.400
C1M82	1	135.27	5	1 0.100 2 0.100 3 0.100 4 0.300 5 0.400
C1M85	1	140.28	5	1 0.100 2 0.100 3 0.100 4 0.300 5 0.400
C1M88	1	145.29	5	1 0.100 2 0.100 3 0.100 4 0.300 5 0.400
C1M91	1	150.30	5	1 0.100 2 0.100 3 0.100 4 0.300 5 0.400
C1M94	1	155.31	5	1 0.100 2 0.100 3 0.100 4 0.300 5 0.400
C1M97	1	160.32	5	1 0.100 2 0.100 3 0.100 4 0.300 5 0.400
C1M100	1	165.33	5	1 0.100 2 0.100 3 0.100 4 0.300 5 0.400
C1M103	1	170.34	5	1 0.100 2 0.100 3 0.100 4 0.300 5 0.400
C1M106	1	175.35	5	1 0.100 2 0.100 3 0.100 4 0.300 5 0.400
C1M109	1	180.36	5	1 0.100 2 0.100 3 0.100 4 0.300 5 0.400
C1M112	1	185.37	5	1 0.100 2 0.100 3 0.100 4 0.300 5 0.400
C1M115	1	190.38	5	1 0.100 2 0.100 3 0.100 4 0.300 5 0.400
C1M118	1	195.39	5	1 0.100 2 0.100 3 0.100 4 0.300 5 0.400
C1M121	1	200.40	5	1 0.100 2 0.100 3 0.100 4 0.300 5 0.400
C1M124	1	205.41	5	1 0.100 2 0.100 3 0.100 4 0.300 5 0.400
C1M127	1	210.42	5	1 0.100 2 0.100 3 0.100 4 0.300 5 0.400
C1M130	1	215.43	5	1 0.100 2 0.100 3 0.100 4 0.300 5 0.400
C1M133	1	220.44	5	1 0.100 2 0.100 3 0.100 4 0.300 5 0.400
C1M136	1	225.45	5	1 0.100 2 0.100 3 0.100 4 0.300 5 0.400
C1M139	1	230.46	5	1 0.100 2 0.100 3 0.100 4 0.300 5 0.400
C1M142	1	235.47	5	1 0.100 2 0.100 3 0.100 4 0.300 5 0.400
C1M145	1	240.48	5	1 0.100 2 0.100 3 0.100 4 0.300 5 0.400
C1M148	1	245.49	5	1 0.100 2 0.100 3 0.100 4 0.300 5 0.400
C1M151	1	250.50	5	1 0.100 2 0.100 3 0.100 4 0.300 5 0.400
C1M154	1	255.51	5	1 0.100 2 0.100 3 0.100 4 0.300 5 0.400
C1M157	1	260.52	5	1 0.100 2 0.100 3 0.100 4 0.300 5 0.400
C1M160	1	265.53	5	1 0.100 2 0.100 3 0.100 4 0.300 5 0.400
C1M163	1	270.54	5	1 0.100 2 0.100 3 0.100 4 0.300 5 0.400
C1M166	1	275.55	5	1 0.100 2 0.100 3 0.100 4 0.300 5 0.400
C1M169	1	280.56	5	1 0.100 2 0.100 3 0.100 4 0.300 5 0.400
C1M172	1	285.57	5	1 0.100 2 0.100 3 0.100 4 0.300 5 0.400
C1M175	1	290.58	5	1 0.100 2 0.100 3 0.100 4 0.300 5 0.400
C1M178	1	295.59	5	1 0.100 2 0.100 3 0.100 4 0.300 5 0.400
C1M181	1	300.60	5	1 0.100 2 0.100 3 0.100 4 0.300 5 0.400
C2M1	2	0.00	5	1 0.100 2 0.100 3 0.100 4 0.300 5 0.400
C2M4	2	5.01	5	1 0.100 2 0.100 3 0.100 4 0.300 5 0.400
C2M7	2	10.02	5	1 0.100 2 0.100 3 0.100 4 0.300 5 0.400
C2M10	2	15.03	5	1 0.100 2 0.100 3 0.100 4 0.300 5 0.400
C2M13	2	20.04	5	1 0.100 2 0.100 3 0.100 4 0.300 5 0.400
C2M16	2	25.05	5	1 0.100 2 0.100 3 0.100 4 0.300 5 0.400
C2M19	2	30.06	5	1 0.100 2 0.100 3 0.100 4 0.300 5 0.400
C2M22	2	35.07	5	1 0.100 2 0.100 3 0.100 4 0.300 5 0.400
C2M25	2	40.08	5	1 0.100 2 0.100 3 0.100 4 0.300 5 0.400
C2M28	2	45.09	5	1 0.100 2 0.100 3 0.100 4 0.300 5 0.400
C2M31	2	50.10	5	1 0.100 2 0.100 3 0.100 4 0.300 5 0.400
C2M34	2	55.11	5	1 0.100 2 0.100 3 0.100 4 0.300 5 0.400
C2M37	2	60.12	5	1 0.100 2 0.100 3 0.100 4 0.300 5 0.400
C2M40	2	65.13	5	1 0.100 2 0.100 3 0.100 4 0.300 5 0.400
C2M43	2	70.14	5	1 0.100 2 0.100 3 0.100 4 0.300 5 0.400
C2M46	2	75.15	5	1 0.100 2 0.100 3 0.100 4 0.300 5 0.400
C2M49	2	80.16	5	1 0.100 2 0.100 3 0.100 4 0.300 5 0.400
C2M52	2	85.17	5	1 0.100 2 0.100 3 0.100 4 0.300 5 0.400
C2M55	2	90.18	5	1 0.100 2 0.100 3 0.100 4 0.300 5 0.400
C2M58	2	95.19	5	1 0.100 2 0.100 3 0.100 4 0.300 5 0.400
C2M61	2	100.20	5	1 0.100 2 0.100 3 0.100 4 0.300 5 0.400
C2M64	2	105.21	5	1 0.100 2 0.100 3 0.100 4 0.300 5 0.400
C2M67	2	110.22	5	1 0.100 2 0.100 3 0.100 4 0.300 5 0.400
C2M70	2	115.23	5	1 0.100 2 0.100 3 0.100 4 0.300 5 0.400
C2M73	2	120.24	5	1 0.100 2 0.100 3 0.100 4 0.300 5 0.400
C2M76	2	125.25	5	1 0.100 2 0.100 3 0.100 4 0.300 5 0.400
C2M79	2	130.26	5	1 0.100 2 0.100 3 0.100 4 0.300 5 0.400
C2M82	2	135.27	5	1 0.100 2 0.100 3 0.100 4 0.300 5 0.400
C2M85	2	140.28	5	1 0.100 2 0.100 3 0.100 4 0.300 5 0.400
C2M88	2	145.29	5	1 0.100 2 0.100 3 0.100 4 0.300 5 0.400
C2M91	2	150.30	5	1 0.100 2 0.100 3 0.100 4 0.300 5 0.400
C2M94	2	155.31	5	1 0.100 2 0.100 3 0.100 4 0.300 5 0.400
C2M97	2	160.32	5	1 0.100 2 0.100 3 0.100 4 0.300 5 0.400
C2M100	2	165.33	5	1 0.100 2 0.100 3 0.100 4 0.300 5 0.400
C2M103	2	170.34	5	1 0.100 2 0.100 3 0.100 4 0.300 5 0.400
C2M106	2	175.35	5	1 0.100 2 0.100 3 0.100 4 0.300 5 0.400
C2M109	2	180.36	5	1 0.100 2 0.100 3 0.100 4 0.300 5 0.400
C2M112	2	185.37	5	1 0.100 2 0.100 3 0.100 4 0.300 5 0.400
C2M115	2	190.38	5	1 0.100 2 0.100 3 0.100 4 0.300 5 0.400
C2M118	2	195.39	5	1 0.100 2 0.100 3 0.100 4 0.300 5 0.400
C2M121	2	200.40	5	1 0.100 2 0.100 3 0.100 4 0.300 5 0.400
C2M124	2	205.41	5	1 0.100 2 0.100 3 0.100 4 0.300 5 0.400
C2M127	2	210.42	5	1 0.100 2 0.100 3 0.100 4 0.300 5 0.400
C2M130	2	215.43	5	1 0.100 2 0.100 3 0.100 4 0.300 5 0.400
C2M133	2	220.44	5	1 0.100 2 0.100 3 0.100 4 0.300 5 0.400
C2M136	2	225.45	5	1 0.100 2 0.100 3 0.100 4 0.300 5 0.400
C2M139	2	230.46	5	1 0.100 2 0.100 3 0.100 4 0.300 5 0.400
C2M142	2	235.47	5	1 0.100 2 0.100 3 0.100 4 0.300 5 0.400
C2M145	2	240.48	5	1 0.100 2 0.100 3 0.100 4 0.300 5 0.400
C2M148	2	245.49	5	1 0.100 2 0.100 3 0.100 4 0.300 5 0.400
C2M151	2	250.50	5	1 0.100 2 0.100 3 0.100 4 0.300 5 0.400
C2M154	2	255.51	5	1 0.100 2 0.100 3 0.100 4 0.300 5 0.400
C2M157	2	260.52	5	1 0.100 2 0.100 3 0.100 4 0.300 5 0.400
C2M160	2	265.53	5	1 0.100 2 0.100 3 0.100 4 0.300 5 0.400
C2M163	2	270.54	5	1 0.100 2 0.100 3 0.100 4 0.300 5 0.400
C2M166	2	275.55	5	1 0.100 2 0.100 3 0.100 4 0.300 5 0.400
C2M169	2	280.56	5	1 0.100 2 0.100 3 0.100 4 0.300 5 0.400
C2M172	2	285.57	5	1 0.100 2 0.100 3 0.100 4 0.300 5 0.400
C2M175	2	290.58	5	1 0.100 2 0.100 3 0.100 4 0.300 5 0.400
C2M178	2	295.59	5	1 0.100 2 0.100 3 0.100 4 0.300 5 0.400
C2M181	2	300.60	5	1 0.100 2 0.100 3 0.100 4 0.300 5 0.400
C3M1	3	0.00	5	1 0.100 2 0.100 3 0.100 4 0.300 5 0.400
C3M4	3	5.01	5	1 0.100 2 0.100 3 0.100 4 0.300 5 0.400
C3M7	3	10.02	5	1 0.100 2 0.100 3 0.100 4 0.300 5 0.400
C3M10	3	15.03	5	1 0.100 2 0.100 3 0.100 4 0.300 5 0.400
C3M13	3	20.04	5	1 0.100 2 0.100 3 0.100 4 0.300 5 0.400
C3M16	3	25.05	5	1 0.100 2 0.100 3 0.100 4 0.300 5 0.400
C3M19	3	30.06	5	1 0.100 2 0.100 3 0.100 4 0.300 5 0.400
C3M22	3	35.07	5	1 0.100 2 0.100 3 0.100 4 0.300 5 0.400
C3M25	3	40.08	5	1 0.100 2 0.100 3 0.100 4 0.300 5 0.400
C3M28	3	45.09	5	1 0.100 2 0.100 3 0.100 4 0.300 5 0.400
C3M31	3	50.10	5	1 0.100 2 0.100 3 0.100 4 0.300 5 0.400
C3M34	3	55.11	5	1 0.100 2 0.100 3 0.100 4 0.300 5 0.400
C3M37	3	60.12	5	1 0.100 2 0.100 3 0.100 4 0.300 5 0.400
C3M40	3	65.13	5	1 0.100 2 0.100 3 0.100 4 0.300 5 0.400
C3M43	3	70.14	5	1 0.100 2 0.100 3 0.100 4 0.300 5 0.400
C3M46	3	75.15	5	1 0.100 2 0.100 3 0.100 4 0.300 5 0.400
C3M49	3	80.16	5	1 0.100 2 0.100 3 0.100 4 0.300 5 0.400
C3M52	3	85.17	5	1 0.100 2 0.100 3 0.100 4 0.300 5 0.400
C3M55	3	90.18	5	1 0.100 2 0.100 3 0.100 4 0.300 5 0.400
C3M58	3	95.19	5	1 0.100 2 0.100 3 0.100 4 0.300 5 0.400
C3M61	3	100.20	5	1 0.100 2 0.100 3 0.100 4 0.300 5 0.400
C3M64	3	105.21	5	1 0.100 2 0.100 3 0.100 4 0.300 5 0.400
C3M67	3	110.22	5	1 0.100 2 0.100 3 0.100 4 0.300 5 0.400
C3M70	3	115.23	5	1 0.100 2 0.100 3 0.100 4 0.300 5 0.400
C3M73	3	120.24	5	1 0.100 2 0.100 3 0.100 4 0.300 5 0.400
C3M76	3	125.25	5	1 0.100 2 0.100 3 0.100 4 0.300 5 0.400
C3M79	3	130.26	5	1 0.100 2 0.100 3 0.100 4 0.300 5 0.400
C3M82	3	135.27	5	1 0.100 2 0.100 3 0.100 4 0.300 5 0.400
C3M85	3	140.28	5	1 0.100 2 0.100 3 0.100 4 0.300 5 0.400
C3M88	3	145.29	5	1 0.100 2 0.100 3 0.100 4 0.300 5 0.400
C3M91	3	150.30	5	1 0.100 2 0.100 3 0.100 4 0.300 5 0.400
C3M94	3	155.31	5	1 0.100 2 0.100 3 0.100 4 0.300 5 0.400
C3M97	3	160.32	5	1 0.100 2 0.100 3 0.100 4 0.300 5 0.400
C3M100	3	165.33	5	1 0.100 2 0.100 3 0.100 4 0.300 5 0.400
C3M103	3	170.34	5	1 0.100 2 0.100 3 0.100 4 0.300 5 0.400
C3M106	3	175.35	5	1 0.100 2 0.100 3 0.100 4 0.300 5 0.400
C3M109	3	180.36	5	1 0.100 2 0.100 3 0.100 4 0.300 5 0.400
C3M112	3	185.37	5	1 0.100 2 0.100 3 0.100 4 0.300 5 0.400
C3M115	3	190.38	5	1 0.100 2 0.100 3 0.100 4 0.300 5 0.400
C3M118	3	195.39	5	1 0.100 2 0.100 3 0.100 4 0.300 5 0.400
C3M121	3	200.40	5	1 0.100 2 0.100 3 0.100 4 0.300 5 0.400
C4M1	4	0.00	5	1 0.100 2 0.100 3 0.100 4 0.300 5 0.400
C4M4	4	5.01	5	1 0.100 2 0.100 3 0.100 4 0.300 5 0.400
C4M7	4	10.02	5	1 0.100 2 0.100 3 0.100 4 0.300 5 0.400
C4M10	4	15.03	5	1 0.100 2 0.100 3 0.100 4 0.300 5 0.400
C4M13	4	20.04	5	1 0.100 2 0.100 3 0.100 4 0.300 5 0.400
C4M16	4	25.05	5	1 0.100 2 0.100 3 0.100 4 0.300 5 0.400
C4M19	4	30.06	5	1 0.100 2 0.100 3 0.100 4 0.300 5 0.400
C4M22	4	35.07	5	1 0.100 2 0.100 3 0.100 4 0.300 5 0.400
C4M25	4	40.08	5	1 0.100 2 0.100 3 0.100 4 0.300 5 0.400
C4M28	4	45.09	5	1 0.100 2 0.100 3 0.100 4 0.300 5 0.400
C4M31	4	50.10	5	1 0.100 2 0.100 3 0.100 4 0.300 5 0.400
C4M34	4	55.11	5	1 0.100 2 0.100 3 0.100 4 0.300 5 0.400
C4M37	4	60.12	5	1 0.100 2 0.100 3 0.100 4 0.300 5 0.400
C4M40	4	65.13	5	1 0.100 2 0.100 3 0.100 4 0.300 5 0.400
C4M43	4	70.14	5	1 0.100 2 0.100 3 0.100 4 0.300 5 0.400
C4M46	4	75.15	5	1 0.100 2 0.100 3 0.100 4 0.300 5 0.400
C4M49	4	80.16	5	1 0.100 2 0.100 3 0.100 4 0.300 5 0.400
C4M52	4	85.17	5	1 0.100 2 0.100 3 0.100 4 0.300 5 0.400
C4M55	4	90.18	5	1 0.100 2 0.100 3 0.100 4 0.300 5 0.400
C4M58	4	95.19	5	1 0.100 2 0.100 3 0.100 4 0.300 5 0.400
C4M61	4	100.20	5	1 0.100 2 0.100 3 0.100 4 0.300 5 0.400
C4M64	4	105.21	5	1 0.100 2 0.100 3 0.100 4 0.300 5 0.400
C4M67	4	110.22	5	1 0.100 2 0.100 3 0.100 4 0.300 5 0.400
C4M70	4	115.23	5	1 0.100 2 0.100 3 0.100 4 0.300 5 0.400
C4M73	4	120.24	5	1 0.100 2 0.100 3 0.100 4 0.300 5 0.400
C4M76	4	125.25	5	1 0.100 2 0.100 3 0.100 4 0.300 5 0.400
C4M79	4	130.26	5	1 0.100 2 0.100 3 0.100 4 0.300 5 0.400
C4M82	4	135.27	5	1 0.100 2 0.100 3 0.100 4 0.300 5 0.400
C4M85	4	140.28	5	1 0.100 2 0.100 3 0.100 4 0.300 5 0.400
C4M88	4	145.29	5	1 0.100 2 0.100 3 0.100 4 0.300 5 0.400
C4M91	4	150.30	5	1 0.100 2 0.100 3 0.100 4 0.300 5 0.400
C4M94	4	155.31	5	1 0.100 2 0.100 3 0.100 4 0.300 5 0.400
C4M97	4	160.32	5	1 0.100 2 0.100 3 0.100 4 0.300 5 0.400
C4M100	4	165.33	5	1 0.100 2 0.100 3 0.100 4 0.300 5 0.400
C4M103	4	170.34	5	1 0.100 2 0.100 3 0.100 4 0.300 5 0.400
C4M106	4	175.35	5	1 0.100 2 0.100 3 0.100 4 0.300 5 0.400
C4M109	4	180.36	5	1 0.100 2 0.100 3 0.100 4 0.300 5 0.400
C4M112	4	185.37	5	1 0.100 2 0.100 3 0.100 4 0.300 5 0.400
C4M115	4	190.38	5	1 0.100 2 0.100 3 0.100 4 0.300 5 0.400
C4M118	4	195.39	5	1 0.100 2 0.100 3 0.100 4 0.300 5 0.400
C4M121	4	200.40	5	1 0.100 2 0.100 3 0.100 4 0.300 5 0.400
C5M1	5	0.00	5	1 0.100 2 0.100 3 0.100 4 0.300 5 0.400
C5M4	5	5.01	5	1 0.100 2 0.100 3 0.100 4 0.300 5 0.400
C5M7	5	10.02	5	1 0.100 2 0.100 3 0.100 4 0.300 5 0.400
C5M10	5	15.03	5	1 0.100 2 0.100 3 0.100 4 0.300 5 0.400
C5M13	5	20.04	5	1 0.100 2 0.100 3 0.100 4 0.300 5 0.400
C5M16	5	25.05	5	1 0.100 2 0.100 3 0.100 4 0.300 5 0.400
C5M19	5	30.06	5	1 0.100 2 0.100 3 0.100 4 0.300 5 0.400
C5M22	5	35.07	5	1 0.100 2 0.100 3 0.100 4 0.300 5 0.400
C5M25	5	40.08	5	1 0.100 2 0.100 3 0.100 4 0.300 5 0.400
C5M28	5	45.09	5	1 0.100 2 0.100 3 0.100 4 0.300 5 0.400
C5M31	5	50.10	5	1 0.100 2 0.100 3 0.100 4 0.300 5 0.400
C5M34	5	55.11	5	1 0.100 2 0.100 3 0.100 4 0.300 5 0.400
C5M37	5	60.12	5	1 0.100 2 0.100 3 0.100 4 0.300 5 0.400
C5M40	5	65.13	5	1 0.100 2 0.100 3 0.100 4 0.300 5 0.400
C5M43	5	70.14	5	1 0.100 2 0.100 3 0.100 4 0.300 5 0.400
C5M46	5	75.15	5	1 0.100 2 0.100 3 0.100 4 0.300 5 0.400
C5M49	5	80.16	5	1 0.100 2 0.100 3 0.100 4 0.300 5 0.400
C5M52	5	85.17	5	1 0.100 2 0.100 3 0.100 4 0.300 5 0.400
C5M55	5	90.18	5	1 0.100 2 0.100 3 0.100 4 0.300 5 0.400
C5M58	5	95.19	5	1 0.100 2 0.100 3 0.100 4 0.300 5 0.400
C5M61	5	100.20	5	1 0.100 2 0.100 3 0.100 4 0.300 5 0.400
C5M64	5	105.21	5	1 0.100 2 0.100 3 0.100 4 0.300 5 0.400
C5M67	5	110.22	5	1 0.100 2 0.100 3 0.100 4 0.300 5 0.400
C5M70	5	115.23	5	1 0.100 2 0.100 3 0.100 4 0.300 5 0.400
C5M73	5	120.24	5	1 0.100 2 0.100 3 0.100 4 0.300 5 0.400
C5M76	5	125.25	5	1 0.100 2 0.100 3 0.100 4 0.300 5 0.400
C5M79	5	130.26	5	1 0.100 2 0.100 3 0.100 4 0.300 5 0.400
C5M82	5	135.27	5	1 0.100 2 0.100 3 0.100 4 0.300 5 0.400
C5M85	5	140.28	5	1 0.100 2 0.100 3 0.100 4 0.300 5 0.400
C5M88	5	145.29	5	1 0.100 2 0.100 3 0.100 4 0.300 5 0.400
C5M91	5	150.30	5	1 0.100 2 0.100 3 0.100 4 0.300 5 0.400
C5M94	5	155.31	5	1 0.100 2 0.100 3 0.100 4 0.300 5 0.400
C5M97	5	160.32	5	1 0.100 2 0.100 3 0.100 4 0.300 5 0.400
C5M100	5	165.33	5	1 0.100 2 0.100 3 0.100 4 0.300 5 0.400
C5M103	5	170.34	5	1 0.100 2 0.100 3 0.100 4 0.300 5 0.400
C5M106	5	175.35	5	1 0.100 2 0.100 3 0.100 4 0.300 5 0.400
C5M109	5	180.36	5	1 0.100 2 0.100 3 0.100 4 0.300 5 0.400
C5M112	5	185.37	5	1 0.100 2 0.100 3 0.100 4 0.300 5 0.400
C5M115	5	190.38	5	1 0.100 2 0.100 3 0.100 4 0.300 5 0.400
C5M118	5	195.39	5	1 0.100 2 0.100 3 0.100 4 0.300 5 0.400
C5M121	5	200.40	5	1 0.100 2 0.100 3 0.100 4 0.300 5 0.400
C6M1	6	0.00	5	1 0.100 2 0.100 3 0.100 4 0.300 5 0.400
C6M4	6	5.01	5	1 0.100 2 0.100 3 0.100 4 0.300 5 0.400
C6M7	6	10.02	5	1 0.100 2 0.100 3 0.100 4 0.300 5 0.400
C6M10	6	15.03	5	1 0.100 2 0.100 3 0.100 4 0.300 5 0.400
C6M13	6	20.04	5	1 0.100 2 0.100 3 0.100 4 0.300 5 0.400
C6M16	6	25.05	5	1 0.100 2 0.100 3 0.100 4 0.300 5 0.400
C6M19	6	30.06	5	1 0.100 2 0.100 3 0.100 4 0.300 5 0.400
C6M22	6	35.07	5	1 0.100 2 0.100 3 0.100 4 0.300 5 0.400
C6M25	6	40.08	5	1 0.100 2 0.100 3 0.100 4 0.300 5 0.400
C6M28	6	45.09	5	1 0.100 2 0.100 3 0.100 4 0.300 5 0.400
C6M31	6	50.10	5	1 0.100 2 0.100 3 0.100 4 0.300 5 0.400
C6M34	6	55.11	5	1 0.100 2 0.100 3 0.100 4 0.300 5 0.400
C6M37	6	60.12	5	1 0.100 2 0.100 3 0.100 4 0.300 5 0.400
C6M40	6	65.13	5	1 0.100 2 0.100 3 0.100 4 0.300 5 0.400
C6M43	6	70.14	5	1 0.100 2 0.100 3 0.100 4 0.300 5 0.400
C6M46	6	75.15	5	1 0.100 2 0.100 3 0.100 4 0.300 5 0.400
C6M49	6	80.16	5	1 0.100 2 0.100 3 0.100 4 0.300 5 0.400
C6M52	6	85.17	5	1 0.100 2 0.100 3 0.100 4 0.300 5 0.400
C6M55	6	90.18	5	1 0.100 2 0.100 3 0.100 4 0.300 5 0.400
C6M58	6	95.19	5	1 0.100 2 0.100 3 0.100 4 0.300 5 0.400
C6M61	6	100.20	5	1 0.100 2 0.100 3 0.100 4 0.300 5 0.400
C6M64	6	105.21	5	1 0.100 2 0.100 3 0.100 4 0.300 5 0.400
C6M67	6	110.22	5	1 0.100 2 0.100 3 0.100 4 0.300 5 0.400
C6M70	6	115.23	5	1 0.100 2 0.100 3 0.100 4 0.300 5 0.400
C6M73	6	120.24	5	1 0.100 2 0.100 3 0.100 4 0.300 5 0.400
C6M76	6	125.25	5	1 0.100 2 0.100 3 0.100 4 0.300 5 0.400
C6M79	6	130.26	5	1 0.100 2 0.100 3 0.100 4 0.300 5 0.400
C6M82	6	135.27	5	1 0.100 2 0.100 3 0.100 4 0.300 5 0.400
C6M85	6	140.28	5	1 0.100 2 0.100 3 0.100 4 0.300 5 0.400
C6M88	6	145.29	5	1 0.100 2 0.100 3 0.100 4 0.300 5 0.400
C6M91	6	150.30	5	1 0.100 2 0.100 3 0.100 4 0.300 5 0.400
C6M94	6	155.31	5	1 0.100 2 0.100 3 0.100 4 0.300 5 0.400
C6M97	6	160.32	5	1 0.100 2 0.100 3 0.100 4 0.300 5 0.400
C6M100	6	165.33	5	1 0.100 2 0.100 3 0.100 4 0.300 5 0.400
C6M103	6	170.34	5	1 0.100 2 0.100 3 0.100 4 0.300 5 0.400
C6M106	6	175.35	5	1 0.100 2 0.100 3 0.100 4 0.300 5 0.400
C6M109	6	180.36	5	1 0.100 2 0.100 3 0.100 4 0.300 5 0.400
C6M112	6	185.37	5	1 0.100 2 0.100 3 0.100 4 0.300 5 0.400
C6M115	6	190.38	5	1 0.100 2 0.100 3 0.100 4 0.300 5 0.400
C6M118	6	195.39	5	1 0.100 2 0.100 3 0.100 4 0.300 5 0.400
C6M121	6	200.40	5	1 0.100 2 0.100 3 0.100 4 0.300 5 0.400
C7M1	7	0.00	5	1 0.100 2 0.100 3 0.100 4 0.300 5 0.400
C7M4	7	5.01	5	1 0.100 2 0.100 3 0.100 4 0.300 5 0.400
C7M7	7	10.02	5	1 0.100 2 0.100 3 0.100 4 0.300 5 0.400
C7M10	7	15.03	5	1 0.100 2 0.100 3 0.100 4 0.300 5 0.400
C7M13	7	20.04	5	1 0.100 2 0.100 3 0.100 4 0.300 5 0.400
C7M16	7	25.05	5	1 0.100 2 0.100 3 0.100 4 0.300 5 0.400
C7M19	7	30.06	5	1 0.100 2 0.100 3 0.100 4 0.300 5 0.400
C7M22	7	35.07	5	1 0.100 2 0.100 3 0.100 4 0.300 5 0.400
C7M25	7	40.08	5	1 0.100 2 0.100 3 0.100 4 0.300 5 0.400
C7M28	7	45.09	5	1 0.100 2 0.100 3 0.100 4 0.300 5 0.400
C7M31	7	50.10	5	1 0.100 2 0.100 3 0.100 4 0.300 5 0.400
C7M34	7	55.11	5	1 0.100 2 0.100 3 0.100 4 0.300 5 0.400
C7M37	7	60.12	5	1 0.100 2 0.100 3 0.100 4 0.300 5 0.400
C7M40	7	65.13	5	1 0.100 2 0.100 3 0.100 4 0.300 5 0.400
C7M43	7	70.14	5	1 0.100 2 0.100 3 0.100 4 0.300 5 0.400
C7M46	7	75.15	5	1 0.100 2 0.100 3 0.100 4 0.300 5 0.400
C7M49	7	80.16	5	1 0.100 2 0.100 3 0.100 4 0.300 5 0.400
C7M52	7	85.17	5	1 0.100 2 0.100 3 0.100 4 0.300 5 0.400
C7M55	7	90.18	5	1 0.100 2 0.100 3 0.100 4 0.300 5 0.400
C7M58	7	95.19	5	1 0.100 2 0.100 3 0.100 4 0.300 5 0.400
C7M61	7	100.20	5	1 0.100 2 0.100 3 0.100 4 0.300 5 0.400
C7M64	7	105.21	5	1 0.100 2 0.100 3 0.100 4 0.300 5 0.400
C7M67	7	110.22	5	1 0.100 2 0.100 3 0.100 4 0.300 5 0.400
C7M70	7	115.23	5	1 0.100 2 0.100 3 0.100 4 0.300 5 0.400
C7M73	7	120.24	5	1 0.100 2 0.100 3 0.100 4 0.300 5 0.400
C7M76	7	125.25	5	1 0.100 2 0.100 3 0.100 4 0.300 5 0.400
C7M79	7	130.26	5	1 0.100 2 0.100 3 0.100 4 0.300 5 0.400
C7M82	7	135.27	5	1 0.100 2 0.100 3 0.100 4 0.300 5 0.400
C7M85	7	140.28	5	1 0.100 2 0.100 3 0.100 4 0.300 5 0.400
C7M88	7	145.29	5	1 0.100 2 0.100 3 0.100 4 0.300 5 0.400
C7M91	7	150.30	5	1 0.100 2 0.100 3 0.100 4 0.300 5 0.400
C7M94	7	155.31	5	1 0.100 2 0.100 3 0.100 4 0.300 5 0.400
C7M97	7	160.32	5	1 0.100 2 0.100 3 0.100 4 0.300 5 0.400
C7M100	7	165.33	5	1 0.100 2 0.100 3 0.100 4 0.300 5 0.400
C7M103	7	170.34	5	1 0.100 2 0.100 3 0.100 4 0.300 5 0.400
C7M106	7	175.35	5	1 0.100 2 0.100 3 0.100 4 0.300 5 0.400
C7M109	7	180.36	5	1 0.100 2 0.100 3 0.100 4 0.300 5 0.400
C7M112	7	185.37	5	1 0.100 2 0.100 3 0.100 4 0.300 5 0.400
C7M115	7	190.38	5	1 0.100 2 0.100 3 0.100 4 0.300 5 0.400
C7M118	7	195.39	5	1 0.100 2 0.100 3 0.100 4 0.300 5 0.400
C7M121	7	200.40	5	1 0.100 2 0.100 3 0.100 4 0.300 5 0.400
C8M1	8	0.00	5	1 0.100 2 0.100 3 0.100 4 0.300 5 0.400
C8M4	8	5.01	5	1 0.100 2 0.100 3 0.100 4 0.300 5 0.400
C8M7	8	10.02	5	1 0.100 2 0.100 3 0.100 4 0.300 5 0.400
C8M10	8	15.03	5	1 0.100 2 0.100 3 0.100 4 0.300 5 0.400
C8M13	8	20.04	5	1 0.100 2 0.100 3 0.100 4 0.300 5 0.400
C8M16	8	25.05	5	1 0.100 2 0.100 3 0.100 4 0.300 5 0.400
C8M19	8	30.06	5	1 0.100 2 0.100 3 0.100 4 0.300 5 0.400
C8M22	8	35.07	5	1 0.100 2 0.100 3 0.100 4 0.300 5 0.400
C8M25	8	40.08	5	1 0.100 2 0.100 3 0.100 4 0.300 5 0.400
C8M28	8	45.09	5	1 0.100 2 0.100 3 0.100 4 0.300 5 0.400
C8M31	8	50.10	5	1 0.100 2 0.100 3 0.100 4 0.300 5 0.400
C8M34	8	55.11	5	1 0.100 2 0.100 3 0.100 4 0.300 5 0.400
C8M37	8	60.12	5	1 0.100 2 0.100 3 0.100 4 0.300 5 0.400
C8M40	8	65.13	5	1 0.100 2 0.100 3 0.100 4 0.300 5 0.400
C8M43	8	70.14	5	1 0.100 2 0.100 3 0.100 4 0.300 5 0.400
C8M46	8	75.15	5	1 0.100 2 0.100 3 0.100 4 0.300 5 0.400
C8M49	8	80.16	5	1 0.100 2 0.100 3 0.100 4 0.300 5 0.400
C8M52	8	85.17	5	1 0.100 2 0.100 3 0.100 4 0.300 5 0.400
C8M55	8	90.18	5	1 0.100 2 0.100 3 0.100 4 0.300 5 0.400
C8M58	8	95.19	5	1 0.100 2 0.100 3 0.100 4 0.300 5 0.400
C8M61	8	100.20	5	1 0.100 2 0.100 3 0.100 4 0.300 5 0.400
C8M64	8	105.21	5	1 0.100 2 0.100 3 0.100 4 0.300 5 0.400
C8M67	8	110.22	5	1 0.100 2 0.100 3 0.100 4 0.300 5 0.400
C8M70	8	115.23	5	1 0.100 2 0.100 3 0.100 4 0.300 5 0.400
C8M73	8	120.24	5	1 0.100 2 0.100 3 0.100 4 0.300 5 0.400
C8M76	8	125.25	5	1 0.100 2 0.100 3 0.100 4 0.300 5 0.400
C8M79	8	130.26	5	1 0.100 2 0.100 3 0.100 4 0.300 5 0.400
C8M82	8	135.27	5	1 0.100 2 0.100 3 0.100 4 0.300 5 0.400
C8M85	8	140.28	5	1 0.100 2 0.100 3 0.100 4 0.300 5 0.400
C8M88	8	145.29	5	1 0.100 2 0.100 3 0.100 4 0.300 5 0.400
C8M91	8	150.30	5	1 0.100 2 0.100 3 0.100 4 0.300 5 0.400
C9M1	9	0.00	5	1 0.100 2 0.100 3 0.100 4 0.300 5 0.400
C9M4	9	5.01	5	1 0.100 2 0.100 3 0.100 4 0.300 5 0.400
C9M7	9	10.02	5	1 0.100 2 0.100 3 0.100 4 0.300 5 0.400
C9M10	9	15.03	5	1 0.100 2 0.100 3 0.100 4 0.300 5 0.400
C9M13	9	20.04	5	1 0.100 2 0.100 3 0.100 4 0.300 5 0.400
C9M16	9	25.05	5	1 0.100 2 0.100 3 0.100 4 0.300 5 0.400
C9M19	9	30.06	5	1 0.100 2 0.100 3 0.100 4 0.300 5 0.400
C9M22	9	35.07	5	1 0.100 2 0.100 3 0.100 4 0.300 5 0.400
C9M25	9	40.08	5	1 0.100 2 0.100 3 0.100 4 0.300 5 0.400
C9M28	9	45.09	5	1 0.100 2 0.100 3 0.100 4 0.300 5 0.400
C9M31	9	50.10	5	1 0.100 2 0.100 3 0.100 4 0.300 5 0.400
C9M34	9	55.11	5	1 0.100 2 0.100 3 0.100 4 0.300 5 0.400
C9M37	9	60.12	5	1 0.100 2 0.100 3 0.100 4 0.300 5 0.400
C9M40	9	65.13	5	1 0.100 2 0.100 3 0.100 4 0.300 5 0.400
C9M43	9	70.14	5	1 0.100 2 0.100 3 0.100 4 0.300 5 0.400
C9M46	9	75.15	5	1 0.100 2 0.100 3 0.100 4 0.300 5 0.400
C9M49	9	80.16	5	1 0.100 2 0.100 3 0.100 4 0.300 5 0.400
C9M52	9	85.17	5	1 0.100 2 0.100 3 0.100 4 0.300 5 0.400
C9M55	9	90.18	5	1 0.100 2 0.100 3 0.100 4 0.300 5 0.400
C9M58	9	95.19	5	1 0.100 2 0.100 3 0.100 4 0.300 5 0.400
C9M61	9	100.20	5	1 0.100 2 0.100 3 0.100 4 0.300 5 0.400
C9M64	9	105.21	5	1 0.100 2 0.100 3 0.100 4 0.300 5 0.400
C9M67	9	110.22	5	1 0.100 2 0.100 3 0.100 4 0.300 5 0.400
C9M70	9	115.23	5	1 0.100 2 0.100 3 0.100 4 0.300 5 0.400
C9M73	9	120.24	5	1 0.100 2 0.100 3 0.100 4 0.300 5 0.400
C9M76	9	125.25	5	1 0.100 2 0.100 3 0.100 4 0.300 5 0.400
C9M79	9	130.26	5	1 0.100 2 0.100 3 0.100 4 0.300 5 0.400
C9M82	9	135.27	5	1 0.100 2 0.100 3 0.100 4 0.300 5 0.400
C9M85	9	140.28	5	1 0.100 2 0.100 3 0.100 4 0.300 5 0.400
C9M88	9	145.29	5	1 0.100 2 0.100 3 0.100 4 0.300 5 0.400
C9M91	9	150.30	5	1 0.100 2 0.100 3 0.100 4 0.300 5 0.400
C10M1	10	0.00	5	1 0.100 2 0.100 3 0.100 4 0.300 5 0.400
C10M4	10	5.01	5	1 0.100 2 0.100 3 0.100 4 0.300 5 0.400
C10M7	10	10.02	5	1 0.100 2 0.100 3 0.100 4 0.300 5 0.400
C10M10	10	15.03	5	1 0.100 2 0.100 3 0.100 4 0.300 5 0.400
C10M13	10	20.04	5	1 0.100 2 0.100 3 0.100 4 0.300 5 0.400
C10M16	10	25.05	5	1 0.100 2 0.100 3 0.100 4 0.300 5 0.400
C10M19	10	30.06	5	1 0.100 2 0.100 3 0.100 4 0.300 5 0.400
C10M22	10	35.07	5	1 0.100 2 0.100 3 0.100 4 0.300 5 0.400
C10M25	10	40.08	5	1 0.100 2 0.100 3 0.100 4 0.300 5 0.400
C10M28	10	45.09	5	1 0.100 2 0.100 3 0.100 4 0.300 5 0.400
C10M31	10	50.10	5	1 0.100 2 0.100 3 0.100 4 0.300 5 0.400
C10M34	10	55.11	5	1 0.100 2 0.100 3 0.100 4 0.300 5 0.400
C10M37	10	60.12	5	1 0.100 2 0.100 3 0.100 4 0.300 5 0.400
C10M40	10	65.13	5	1 0.100 2 0.100 3 0.100 4 0.300 5 0.400
C10M43	10	70.14	5	1 0.100 2 0.100 3 0.100 4 0.300 5 0.400
C10M46	10	75.15	5	1 0.100 2 0.100 3 0.100 4 0.300 5 0.400
C10M49	10	80.16	5	1 0.100 2 0.100 3 0.100 4 0.300 5 0.400
C10M52	10	85.17	5	1 0.100 2 0.100 3 0.100 4 0.300 5 0.400
C10M55	10	90.18	5	1 0.100 2 0.100 3 0.100 4 0.300 5 0.400
C10M58	10	95.19	5	1 0.100 2 0.100 3 0.100 4 0.300 5 0.400
C10M61	10	100.20	5	1 0.100 2 0.100 3 0.100 4 0.300 5 0.400
C10M64	10	105.21	5	1 0.100 2 0.100 3 0.100 4 0.300 5 0.400
C10M67	10	110.22	5	1 0.100 2 0.100 3 0.100 4 0.300 5 0.400
C10M70	10	115.23	5	1 0.100 2 0.100 3 0.100 4 0.300 5 0.400
C10M73	10	120.24	5	1 0.100 2 0.100 3 0.100 4 0.300 5 0.400
C10M76	10	125.25	5	1 0.100 2 0.100 3 0.100 4 0.300 5 0.400
C10M79	10	130.26	5	1 0.100 2 0.100 3 0.100 4 0.300 5 0.400
C10M82	10	135.27	5	1 0.100 2 0.100 3 0.100 4 0.300 5 0.400
C10M85	10	140.28	5	1 0.100 2 0.100 3 0.100 4 0.300 5 0.400
C10M88	10	145.29	5	1 0.100 2 0.100 3 0.100 4 0.300 5 0.400
C10M91	10	150.30	5	1 0.100 2 0.100 3 0.100 4 0.300 5 0.400
C11M1	11	0.00	5	1 0.100 2 0.100 3 0.100 4 0.300 5 0.400
C11M4	11	5.01	5	1 0.100 2 0.100 3 0.100 4 0.300 5 0.400
C11M7	11	10.02	5	1 0.100 2 0.100 3 0.100 4 0.300 5 0.400
C11M10	11	15.03	5	1 0.100 2 0.100 3 0.100 4 0.300 5 0.400
C11M13	11	20.04	5	1 0.100 2 0.100 3 0.100 4 0.300 5 0.400
C11M16	11	25.05	5	1 0.100 2 0.100 3 0.100 4 0.300 5 0.400
C11M19	11	30.06	5	1 0.100 2 0.100 3 0.100 4 0.300 5 0.400
C11M22	11	35.07	5	1 0.100 2 0.100 3 0.100 4 0.300 5 0.400
C11M25	11	40.08	5	1 0.100 2 0.100 3 0.100 4 0.300 5 0.400
C11M28	11	45.09	5	1 0.100 2 0.100 3 0.100 4 0.300 5 0.400
C11M31	11	50.10	5	1 0.100 2 0.100 3 0.100 4 0.300 5 0.400
C11M34	11	55.11	5	1 0.100 2 0.100 3 0.100 4 0.300 5 0.400
C11M37	11	60.12	5	1 0.100 2 0.100 3 0.100 4 0.300 5 0.400
C11M40	11	65.13	5	1 0.100 2 0.100 3 0.100 4 0.300 5 0.400
C11M43	11	70.14	5	1 0.100 2 0.100 3 0.100 4 0.300 5 0.400
C11M46	11	75.15	5	1 0.100 2 0.100 3 0.100 4 0.300 5 0.400
C11M49	11	80.16	5	1 0.100 2 0.100 3 0.100 4 0.300 5 0.400
C11M52	11	85.17	5	1 0.100 2 0.100 3 0.100 4 0.300 5 0.400
C11M55	11	90.18	5	1 0.100 2 0.100 3 0.100 4 0.300 5 0.400
C11M58	11	95.19	5	1 0.100 2 0.100 3 0.100 4 0.300 5 0.400
C11M61	11	100.20	5	1 0.100 2 0.100 3 0.100 4 0.300 5 0.400
C11M64	11	105.21	5	1 0.100 2 0.100 3 0.100 4 0.300 5 0.400
C11M67	11	110.22	5	1 0.100 2 0.100 3 0.100 4 0.300 5 0.400
C11M70	11	115.23	5	1 0.100 2 0.100 3 0.100 4 0.300 5 0.400
C11M73	11	120.24	5	1 0.100 2 0.100 3 0.100 4 0.300 5 0.400
C11M76	11	125.25	5	1 0.100 2 0.100 3 0.100 4 0.300 5 0.400
C11M79	11	130.26	5	1 0.100 2 0.100 3 0.100 4 0.300 5 0.400
C11M82	11	135.27	5	1 0.100 2 0.100 3 0.100 4 0.300 5 0.400
C11M85	11	140.28	5	1 0.100 2 0.100 3 0.100 4 0.300 5 0.400
C11M88	11	145.29	5	1 0.100 2 0.100 3 0.100 4 0.300 5 0.400
C11M91	11	150.30	5	1 0.100 2 0.100 3 0.100 4 0.300 5 0.400
C12M1	12	0.00	5	1 0.100 2 0.100 3 0.100 4 0.300 5 0.400
C12M4	12	5.01	5	1 0.100 2 0.100 3 0.100 4 0.300 5 0.400
C12M7	12	10.02	5	1 0.100 2 0.100 3 0.100 4 0.300 5 0.400
C12M10	12	15.03	5	1 0.100 2 0.100 3 0.100 4 0.300 5 0.400
C12M13	12	20.04	5	1 0.100 2 0.100 3 0.100 4 0.300 5 0.400
C12M16	12	25.05	5	1 0.100 2 0.100 3 0.100 4 0.300 5 0.400
C12M19	12	30.06	5	1 0.100 2 0.100 3 0.100 4 0.300 5 0.400
C12M22	12	35.07	5	1 0.100 2 0.100 3 0.100 4 0.300 5 0.400
C12M25	12	40.08	5	1 0.100 2 0.100 3 0.100 4 0.300 5 0.400
C12M28	12	45.09	5	1 0.100 2 0.100 3 0.100 4 0.300 5 0.400
C12M31	12	50.10	5	1 0.100 2 0.100 3 0.100 4 0.300 5 0.400
C12M34	12	55.11	5	1 0.100 2 0.100 3 0.100 4 0.300 5 0.400
C12M37	12	60.12	5	1 0.100 2 0.100 3 0.100 4 0.300 5 0.400
C12M40	12	65.13	5	1 0.100 2 0.100 3 0.100 4 0.300 5 0.400
C12M43	12	70.14	5	1 0.100 2 0.100 3 0.100 4 0.300 5 0.400
C12M46	12	75.15	5	1 0.100 2 0.100 3 0.100 4 0.300 5 0.400
C12M49	12	80.16	5	1 0.100 2 0.100 3 0.100 4 0.300 5 0.400
C12M52	12	85.17	5	1 0.100 2 0.100 3 0.100 4 0.300 5 0.400
C12M55	12	90.18	5	1 0.100 2 0.100 3 0.100 4 0.300 5 0.400
C12M58	12	95.19	5	1 0.100 2 0.100 3 0.100 4 0.300 5 0.400
C12M61	12	100.20	5	1 0.100 2 0.100 3 0.100 4 0.300 5 0.400
C12M64	12	105.21	5	1 0.100 2 0.100 3 0.100 4 0.300 5 0.400
C12M67	12	110.22	5	1 0.100 2 0.100 3 0.100 4 0.300 5 0.400
C12M70	12	115.23	5	1 0.100 2 0.100 3 0.100 4 0.300 5 0.400
C12M73	12	120.24	5	1 0.100 2 0.100 3 0.100 4 0.300 5 0.400
C12M76	12	125.25	5	1 0.100 2 0.100 3 0.100 4 0.300 5 0.400
C12M79	12	130.26	5	1 0.100 2 0.100 3 0.100 4 0.300 5 0.400
C12M82	12	135.27	5	1 0.100 2 0.100 3 0.100 4 0.300 5 0.400
C12M85	12	140.28	5	1 0.100 2 0.100 3 0.100 4 0.300 5 0.400
C12M88	12	145.29	5	1 0.100 2 0.100 3 0.100 4 0.300 5 0.400
C12M91	12	150.30	5	1 0.100 2 0.100 3 0.100 4 0.300 5 0.400
C13M1	13	0.00	5	1 0.100 2 0.100 3 0.100 4 0.300 5 0.400
C13M4	13	5.01	5	1 0.100 2 0.100 3 0.100 4 0.300 5 0.400
C13M7	13	10.02	5	1 0.100 2 0.100 3 0.100 4 0.300 5 0.400
C13M10	13	15.03	5	1 0.100 2 0.100 3 0.100 4 0.300 5 0.400
C13M13	13	20.04	5	1 0.100 2 0.100 3 0.100 4 0.300 5 0.400
C13M16	13	25.05	5	1 0.100 2 0.100 3 0.100 4 0.300 5 0.400
C13M19	13	30.06	5	1 0.100 2 0.100 3 0.100 4 0.300 5 0.400
C13M22	13	35.07	5	1 0.100 2 0.100 3 0.100 4 0.300 5 0.400
C13M25	13	40.08	5	1 0.100 2 0.100 3 0.100 4 0.300 5 0.400
C13M28	13	45.09	5	1 0.100 2 0.100 3 0.100 4 0.300 5 0.400
C13M31	13	50.10	5	1 0.100 2 0.100 3 0.100 4 0.300 5 0.400
C13M34	13	55.11	5	1 0.100 2 0.100 3 0.100 4 0.300 5 0.400
C13M37	13	60.12	5	1 0.100 2 0.100 3 0.100 4 0.300 5 0.400
C13M40	13	65.13	5	1 0.100 2 0.100 3 0.100 4 0.300 5 0.400
C13M43	13	70.14	5	1 0.100 2 0.100 3 0.100 4 0.300 5 0.400
C13M46	13	75.15	5	1 0.100 2 0.100 3 0.100 4 0.300 5 0.400
C13M49	13	80.16	5	1 0.100 2 0.100 3 0.100 4 0.300 5 0.400
C13M52	13	85.17	5	1 0.100 2 0.100 3 0.100 4 0.300 5 0.400
C13M55	13	90.18	5	1 0.100 2 0.100 3 0.100 4 0.300 5 0.400
C13M58	13	95.19	5	1 0.100 2 0.100 3 0.100 4 0.300 5 0.400
C13M61	13	100.20	5	1 0.100 2 0.100 3 0.100 4 0.300 5 0.400
C14M1	14	0.00	5	1 0.100 2 0.100 3 0.100 4 0.300 5 0.400
C14M4	14	5.01	5	1 0.100 2 0.100 3 0.100 4 0.300 5 0.400
C14M7	14	10.02	5	1 0.100 2 0.100 3 0.100 4 0.300 5 0.400
C14M10	14	15.03	5	1 0.100 2 0.100 3 0.100 4 0.300 5 0.400
C14M13	14	20.04	5	1 0.100 2 0.100 3 0.100 4 0.300 5 0.400
C14M16	14	25.05	5	1 0.100 2 0.100 3 0.100 4 0.300 5 0.400
C14M19	14	30.06	5	1 0.100 2 0.100 3 0.100 4 0.300 5 0.400
C14M22	14	35.07	5	1 0.100 2 0.100 3 0.100 4 0.300 5 0.400
C14M25	14	40.08	5	1 0.100 2 0.100 3 0.100 4 0.300 5 0.400
C14M28	14	45.09	5	1 0.100 2 0.100 3 0.100 4 0.300 5 0.400
C14M31	14	50.10	5	1 0.100 2 0.100 3 0.100 4 0.300 5 0.400
C14M34	14	55.11	5	1 0.100 2 0.100 3 0.100 4 0.300 5 0.400
C14M37	14	60.12	5	1 0.100 2 0.100 3 0.100 4 0.300 5 0.400
C14M40	14	65.13	5	1 0.100 2 0.100 3 0.100 4 0.300 5 0.400
C14M43	14	70.14	5	1 0.100 2 0.100 3 0.100 4 0.300 5 0.400
C14M46	14	75.15	5	1 0.100 2 0.100 3 0.100 4 0.300 5 0.400
C14M49	14	80.16	5	1 0.100 2 0.100 3 0.100 4 0.300 5 0.400
C14M52	14	85.17	5	1 0.100 2 0.100 3 0.100 4 0.300 5 0.400
C14M55	14	90.18	5	1 0.100 2 0.100 3 0.100 4 0.300 5 0.400
C14M58	14	95.19	5	1 0.100 2 0.100 3 0.100 4 0.300 5 0.400
C14M61	14	100.20	5	1 0.100 2 0.100 3 0.100 4 0.300 5 0.400
C15M1	15	0.00	5	1 0.100 2 0.100 3 0.100 4 0.300 5 0.400
C15M4	15	5.01	5	1 0.100 2 0.100 3 0.100 4 0.300 5 0.400
C15M7	15	10.02	5	1 0.100 2 0.100 3 0.100 4 0.300 5 0.400
C15M10	15	15.03	5	1 0.100 2 0.100 3 0.100 4 0.300 5 0.400
C15M13	15	20.04	5	1 0.100 2 0.100 3 0.100 4 0.300 5 0.400
C15M16	15	25.05	5	1 0.100 2 0.100 3 0.100 4 0.300 5 0.400
C15M19	15	30.06	5	1 0.100 2 0.100 3 0.100 4 0.300 5 0.400
C15M22	15	35.07	5	1 0.100 2 0.100 3 0.100 4 0.300 5 0.400
C15M25	15	40.08	5	1 0.100 2 0.100 3 0.100 4 0.300 5 0.400
C15M28	15	45.09	5	1 0.100 2 0.100 3 0.100 4 0.300 5 0.400
C15M31	15	50.10	5	1 0.100 2 0.100 3 0.100 4 0.300 5 0.400
C15M34	15	55.11	5	1 0.100 2 0.100 3 0.100 4 0.300 5 0.400
C15M37	15	60.12	5	1 0.100 2 0.100 3 0.100 4 0.300 5 0.400
C15M40	15	65.13	5	1 0.100 2 0.100 3 0.100 4 0.300 5 0.400
C15M43	15	70.14	5	1 0.100 2 0.100 3 0.100 4 0.300 5 0.400
C15M46	15	75.15	5	1 0.100 2 0.100 3 0.100 4 0.300 5 0.400
C15M49	15	80.16	5	1 0.100 2 0.100 3 0.100 4 0.300 5 0.400
C15M52	15	85.17	5	1 0.100 2 0.100 3 0.100 4 0.300 5 0.400
C15M55	15	90.18	5	1 0.100 2 0.100 3 0.100 4 0.300 5 0.400
C15M58	15	95.19	5	1 0.100 2 0.100 3 0.100 4 0.300 5 0.400
C15M61	15	100.20	5	1 0.100 2 0.100 3 0.100 4 0.300 5 0.400
C16M1	16	0.00	5	1 0.100 2 0.100 3 0.100 4 0.300 5 0.400
C16M4	16	5.01	5	1 0.100 2 0.100 3 0.100 4 0.300 5 0.400
C16M7	16	10.02	5	1 0.100 2 0.100 3 0.100 4 0.300 5 0.400
C16M10	16	15.03	5	1 0.100 2 0.100 3 0.100 4 0.300 5 0.400
C16M13	16	20.04	5	1 0.100 2 0.100 3 0.100 4 0.300 5 0.400
C16M16	16	25.05	5	1 0.100 2 0.100 3 0.100 4 0.300 5 0.400
C16M19	16	30.06	5	1 0.100 2 0.100 3 0.100 4 0.300 5 0.400
C16M22	16	35.07	5	1 0.100 2 0.100 3 0.100 4 0.300 5 0.400
C16M25	16	40.08	5	1 0.100 2 0.100 3 0.100 4 0.300 5 0.400
C16M28	16	45.09	5	1 0.100 2 0.100 3 0.100 4 0.300 5 0.400
C16M31	16	50.10	5	1 0.100 2 0.100 3 0.100 4 0.300 5 0.400
C16M34	16	55.11	5	1 0.100 2 0.100 3 0.100 4 0.300 5 0.400
C16M37	16	60.12	5	1 0.100 2 0.100 3 0.100 4 0.300 5 0.400
C16M40	16	65.13	5	1 0.100 2 0.100 3 0.100 4 0.300 5 0.400
C16M43	16	70.14	5	1 0.100 2 0.100 3 0.100 4 0.300 5 0.400
C16M46	16	75.15	5	1 0.100 2 0.100 3 0.100 4 0.300 5 0.400
C16M49	16	80.16	5	1 0.100 2 0.100 3 0.100 4 0.300 5 0.400
C16M52	16	85.17	5	1 0.100 2 0.100 3 0.100 4 0.300 5 0.400
C16M55	16	90.18	5	1 0.100 2 0.100 3 0.100 4 0.300 5 0.400
C16M58	16	95.19	5	1 0.100 2 0.100 3 0.100 4 0.300 5 0.400
C16M61	16	100.20	5	1 0.100 2 0.100 3 0.100 4 0.300 5 0.400
C17M1	17	0.00	5	1 0.100 2 0.100 3 0.100 4 0.300 5 0.400
C17M4	17	5.01	5	1 0.100 2 0.100 3 0.100 4 0.300 5 0.400
C17M7	17	10.02	5	1 0.100 2 0.100 3 0.100 4 0.300 5 0.400
C17M10	17	15.03	5	1 0.100 2 0.100 3 0.100 4 0.300 5 0.400
C17M13	17	20.04	5	1 0.100 2 0.100 3 0.100 4 0.300 5 0.400
C17M16	17	25.05	5	1 0.100 2 0.100 3 0.100 4 0.300 5 0.400
C17M19	17	30.06	5	1 0.100 2 0.100 3 0.100 4 0.300 5 0.400
C17M22	17	35.07	5	1 0.100 2 0.100 3 0.100 4 0.300 5 0.400
C17M25	17	40.08	5	1 0.100 2 0.100 3 0.100 4 0.300 5 0.400
C17M28	17	45.09	5	1 0.100 2 0.100 3 0.100 4 0.300 5 0.400
C17M31	17	50.10	5	1 0.100 2 0.100 3 0.100 4 0.300 5 0.400
C17M34	17	55.11	5	1 0.100 2 0.100 3 0.100 4 0.300 5 0.400
C17M37	17	60.12	5	1 0.100 2 0.100 3 0.100 4 0.300 5 0.400
C17M40	17	65.13	5	1 0.100 2 0.100 3 0.100 4 0.300 5 0.400
C17M43	17	70.14	5	1 0.100 2 0.100 3 0.100 4 0.300 5 0.400
C17M46	17	75.15	5	1 0.100 2 0.100 3 0.100 4 0.300 5 0.400
C17M49	17	80.16	5	1 0.100 2 0.100 3 0.100 4 0.300 5 0.400
C17M52	17	85.17	5	1 0.100 2 0.100 3 0.100 4 0.300 5 0.400
C17M55	17	90.18	5	1 0.100 2 0.100 3 0.100 4 0.300 5 0.400
C17M58	17	95.19	5	1 0.100 2 0.100 3 0.100 4 0.300 5 0.400
C17M61	17	100.20	5	1 0.100 2 0.100 3 0.100 4 0.300 5 0.400
C18M1	18	0.00	5	1 0.100 2 0.100 3 0.100 4 0.300 5 0.400
C18M4	18	5.01	5	1 0.100 2 0.100 3 0.100 4 0.300 5 0.400
C18M7	18	10.02	5	1 0.100 2 0.100 3 0.100 4 0.300 5 0.400
C18M10	18	15.03	5	1 0.100 2 0.100 3 0.100 4 0.300 5 0.400
C18M13	18	20.04	5	1 0.100 2 0.100 3 0.100 4 0.300 5 0.400
C18M16	18	25.05	5	1 0.100 2 0.100 3 0.100 4 0.300 5 0.400
C18M19	18	30.06	5	1 0.100 2 0.100 3 0.100 4 0.300 5 0.400
C18M22	18	35.07	5	1 0.100 2 0.100 3 0.100 4 0.300 5 0.400
C18M25	18	40.08	5	1 0.100 2 0.100 3 0.100 4 0.300 5 0.400
C18M28	18	45.09	5	1 0.100 2 0.100 3 0.100 4 0.300 5 0.400
C18M31	18	50.10	5	1 0.100 2 0.100 3 0.100 4 0.300 5 0.400
C18M34	18	55.11	5	1 0.100 2 0.100 3 0.100 4 0.300 5 0.400
C18M37	18	60.12	5	1 0.100 2 0.100 3 0.100 4 0.300 5 0.400
C18M40	18	65.13	5	1 0.100 2 0.100 3 0.100 4 0.300 5 0.400
C18M43	18	70.14	5	1 0.100 2 0.100 3 0.100 4 0.300 5 0.400
C18M46	18	75.15	5	1 0.100 2 0.100 3 0.100 4 0.300 5 0.400
C18M49	18	80.16	5	1 0.100 2 0.100 3 0.100 4 0.300 5 0.400
C18M52	18	85.17	5	1 0.100 2 0.100 3 0.100 4 0.300 5 0.400
C18M55	18	90.18	5	1 0.100 2 0.100 3 0.100 4 0.300 5 0.400
C18M58	18	95.19	5	1 0.100 2 0.100 3 0.100 4 0.300 5 0.400
C18M61	18	100.20	5	1 0.100 2 0.100 3 0.100 4 0.300 5 0.400
C19M1	19	0.00	5	1 0.100 2 0.100 3 0.100 4 0.300 5 0.400
C19M4	19	5.01	5	1 0.100 2 0.100 3 0.100 4 0.300 5 0.400
C19M7	19	10.02	5	1 0.100 2 0.100 3 0.100 4 0.300 5 0.400
C19M10	19	15.03	5	1 0.100 2 0.100 3 0.100 4 0.300 5 0.400
C19M13	19	20.04	5	1 0.100 2 0.100 3 0.100 4 0.300 5 0.400
C19M16	19	25.05	5	1 0.100 2 0.100 3 0.100 4 0.300 5 0.400
C19M19	19	30.06	5	1 0.100 2 0.100 3 0.100 4 0.300 5 0.400
C19M22	19	35.07	5	1 0.100 2 0.100 3 0.100 4 0.300 5 0.400
C19M25	19	40.08	5	1 0.100 2 0.100 3 0.100 4 0.300 5 0.400
C19M28	19	45.09	5	1 0.100 2 0.100 3 0.100 4 0.300 5 0.400
C19M31	19	50.10	5	1 0.100 2 0.100 3 0.100 4 0.300 5 0.400
C19M34	19	55.11	5	1 0.100 2 0.100 3 0.100 4 0.300 5 0.400
C19M37	19	60.12	5	1 0.100 2 0.100 3 0.100 4 0.300 5 0.400
C19M40	19	65.13	5	1 0.100 2 0.100 3 0.100 4 0.300 5 0.400
C19M43	19	70.14	5	1 0.100 2 0.100 3 0.100 4 0.300 5 0.400
C19M46	19	75.15	5	1 0.100 2 0.100 3 0.100 4 0.300 5 0.400
C19M49	19	80.16	5	1 0.100 2 0.100 3 0.100 4 0.300 5 0.400
C19M52	19	85.17	5	1 0.100 2 0.100 3 0.100 4 0.300 5 0.400
C19M55	19	90.18	5	1 0.100 2 0.100 3 0.100 4 0.300 5 0.400
C19M58	19	95.19	5	1 0.100 2 0.100 3 0.100 4 0.300 5 0.400
C19M61	19	100.20	5	1 0.100 2 0.100 3 0.100 4 0.300 5 0.400
C20M1	20	0.00	5	1 0.100 2 0.100 3 0.100 4 0.300 5 0.400
C20M4	20	5.01	5	1 0.100 2 0.100 3 0.100 4 0.300 5 0.400
C20M7	20	10.02	5	1 0.100 2 0.100 3 0.100 4 0.300 5 0.400
C20M10	20	15.03	5	1 0.100 2 0.100 3 0.100 4 0.300 5 0.400
C20M13	20	20.04	5	1 0.100 2 0.100 3 0.100 4 0.300 5 0.400
C20M16	20	25.05	5	1 0.100 2 0.100 3 0.100 4 0.300 5 0.400
C20M19	20	30.06	5	1 0.100 2 0.100 3 0.100 4 0.300 5 0.400
C20M22	20	35.07	5	1 0.100 2 0.100 3 0.100 4 0.300 5 0.400
C20M25	20	40.08	5	1 0.100 2 0.100 3 0.100 4 0.300 5 0.400
C20M28	20	45.09	5	1 0.100 2 0.100 3 0.100 4 0.300 5 0.400
C20M31	20	50.10	5	1 0.100 2 0.100 3 0.100 4 0.300 5 0.400
C20M34	20	55.11	5	1 0.100 2 0.100 3 0.100 4 0.300 5 0.400
C20M37	20	60.12	5	1 0.100 2 0.100 3 0.100 4 0.300 5 0.400
C20M40	20	65.13	5	1 0.100 2 0.100 3 0.100 4 0.300 5 0.400
C20M43	20	70.14	5	1 0.100 2 0.100 3 0.100 4 0.300 5 0.400
C20M46	20	75.15	5	1 0.100 2 0.100 3 0.100 4 0.300 5 0.400
C20M49	20	80.16	5	1 0.100 2 0.100 3 0.100 4 0.300 5 0.400
C20M52	20	85.17	5	1 0.100 2 0.100 3 0.100 4 0.300 5 0.400
C20M55	20	90.18	5	1 0.100 2 0.100 3 0.100 4 0.300 5 0.400
C20M58	20	95.19	5	1 0.100 2 0.100 3 0.100 4 0.300 5 0.400
C20M61	20	100.20	5	1 0.100 2 0.100 3 0.100 4 0.300 5 0.400
C21M1	21	0.00	5	1 0.100 2 0.100 3 0.100 4 0.300 5 0.400
C21M4	21	5.01	5	1 0.100 2 0.100 3 0.100 4 0.300 5 0.400
C21M7	21	10.02	5	1 0.100 2 0.100 3 0.100 4 0.300 5 0.400
C21M10	21	15.03	5	1 0.100 2 0.100 3 0.100 4 0.300 5 0.400
C21M13	21	20.04	5	1 0.100 2 0.100 3 0.100 4 0.300 5 0.400
C21M16	21	25.05	5	1 0.100 2 0.100 3 0.100 4 0.300 5 0.400
C21M19	21	30.06	5	1 0.100 2 0.100 3 0.100 4 0.300 5 0.400
C21M22	21	35.07	5	1 0.100 2 0.100 3 0.100 4 0.300 5 0.400
C21M25	21	40.08	5	1 0.100 2 0.100 3 0.100 4 0.300 5 0.400
C21M28	21	45.09	5	1 0.100 2 0.100 3 0.100 4 0.300 5 0.400
C21M31	21	50.10	5	1 0.100 2 0.100 3 0.100 4 0.300 5 0.400
C22M1	22	0.00	5	1 0.100 2 0.100 3 0.100 4 0.300 5 0.400
C22M4	22	5.01	5	1 0.100 2 0.100 3 0.100 4 0.300 5 0.400
C22M7	22	10.02	5	1 0.100 2 0.100 3 0.100 4 0.300 5 0.400
C22M10	22	15.03	5	1 0.100 2 0.100 3 0.100 4 0.300 5 0.400
C22M13	22	20.04	5	1 0.100 2 0.100 3 0.100 4 0.300 5 0.400
C22M16	22	25.05	5	1 0.100 2 0.100 3 0.100 4 0.300 5 0.400
C22M19	22	30.06	5	1 0.100 2 0.100 3 0.100 4 0.300 5 0.400
C22M22	22	35.07	5	1 0.100 2 0.100 3 0.100 4 0.300 5 0.400
C22M25	22	40.08	5	1 0.100 2 0.100 3 0.100 4 0.300 5 0.400
C22M28	22	45.09	5	1 0.100 2 0.100 3 0.100 4 0.300 5 0.400
C22M31	22	50.10	5	1 0.100 2 0.100 3 0.100 4 0.300 5 0.400
