C1M1  1   0.63 5 1  0.076 2 0.134 3 0.178 4 0.220 5 0.392
C1M4  1   5.41 5 1  0.293 2 0.203 3 0.103 4 0.217 5 0.184
C1M7  1  10.17 5 1  0.053 2 0.114 3 0.269 4 0.501 5 0.063
C1M10  1  14.37 5 1  0.024 2 0.107 3 0.402 4 0.117 5 0.350
C1M13  1  20.93 5 1  0.141 2 0.442 3 0.137 4 0.053 5 0.227
C1M16  1  25.94 5 1  0.448 2 0.258 3 0.078 4 0.013 5 0.203
C1M19  1  29.32 5 1  0.235 2 0.163 3 0.336 4 0.025 5 0.241
C1M22  1  35.74 5 1  0.075 2 0.084 3 0.205 4 0.305 5 0.331
C1M25  1  40.02 5 1  0.239 2 0.425 3 0.000 4 0.254 5 0.082
C1M28  1  45.19 5 1  0.068 2 0.268 3 0.336 4 0.000 5 0.328
C1M31  1  50.21 5 1  0.477 2 0.017 3 0.235 4 0.107 5 0.164
C1M34  1  54.59 5 1  0.211 2 0.269 3 0.200 4 0.242 5 0.078
C1M37  1  60.64 5 1  0.321 2 0.205 3 0.283 4 0.152 5 0.039
C1M40  1  64.49 5 1  0.000 2 0.099 3 0.252 4 0.597 5 0.052
C1M43  1  69.95 5 1  0.137 2 0.358 3 0.116 4 0.375 5 0.014
C1M46  1  75.86 5 1  0.179 2 0.117 3 0.000 4 0.669 5 0.035
C1M49  1  81.11 5 1  0.380 2 0.476 3 0.105 4 0.022 5 0.017
C1M52  1  84.62 5 1  0.130 2 0.086 3 0.268 4 0.389 5 0.127
C1M55  1  90.07 5 1  0.129 2 0.066 3 0.532 4 0.224 5 0.049
C1M58  1  94.34 5 1  0.092 2 0.634 3 0.108 4 0.008 5 0.158
C1M61  1 100.52 5 1  0.338 2 0.210 3 0.229 4 0.049 5 0.174
C1M64  1 104.99 5 1  0.085 2 0.318 3 0.015 4 0.581 5 0.001
C1M67  1 110.89 5 1  0.080 2 0.223 3 0.513 4 0.135 5 0.049
C1M70  1 114.53 5 1  0.091 2 0.021 3 0.307 4 0.015 5 0.566
C1M73  1 119.93 5 1  0.031 2 0.300 3 0.002 4 0.273 5 0.394
C1M76  1 125.23 5 1  0.014 2 0.056 3 0.513 4 0.030 5 0.387
C1M79  1 129.56 5 1  0.251 2 0.341 3 0.255 4 0.033 5 0.120
C1M82  1 134.98 5 1  0.766 2 0.072 3 0.028 4 0.051 5 0.083
C1M85  1 141.21 5 1  0.174 2 0.219 3 0.012 4 0.312 5 0.283
C1M88  1 144.55 5 1  0.242 2 0.150 3 0.405 4 0.083 5 0.120
C1M91  1 149.32 5 1  0.277 2 0.102 3 0.200 4 0.411 5 0.010
C1M94  1 154.64 5 1  0.008 2 0.203 3 0.034 4 0.402 5 0.353
C1M97  1 160.94 5 1  0.078 2 0.555 3 0.128 4 0.041 5 0.198
C1M100  1 166.07 5 1  0.407 2 0.090 3 0.093 4 0.406 5 0.004
C1M103  1 170.37 5 1  0.038 2 0.111 3 0.724 4 0.113 5 0.014
C1M106  1 175.60 5 1  0.180 2 0.250 3 0.461 4 0.077 5 0.032
C1M109  1 181.05 5 1  0.072 2 0.255 3 0.075 4 0.370 5 0.228
C1M112  1 184.94 5 1  0.297 2 0.394 3 0.235 4 0.007 5 0.067
C1M115  1 190.71 5 1  0.159 2 0.378 3 0.424 4 0.016 5 0.023
C1M118  1 194.69 5 1  0.050 2 0.346 3 0.206 4 0.241 5 0.157
C1M121  1 201.36 5 1  0.388 2 0.081 3 0.021 4 0.369 5 0.141
C1M124  1 205.00 5 1  0.120 2 0.417 3 0.216 4 0.000 5 0.247
C1M127  1 209.65 5 1  0.327 2 0.540 3 0.016 4 0.005 5 0.112
C1M130  1 214.76 5 1  0.302 2 0.135 3 0.262 4 0.266 5 0.035
C1M133  1 221.33 5 1  0.289 2 0.075 3 0.011 4 0.559 5 0.066
C1M136  1 226.04 5 1  0.096 2 0.326 3 0.187 4 0.103 5 0.288
C1M139  1 231.41 5 1  0.145 2 0.058 3 0.100 4 0.370 5 0.327
C1M142  1 235.17 5 1  0.144 2 0.204 3 0.544 4 0.093 5 0.015
C1M145  1 240.48 5 1  0.201 2 0.187 3 0.217 4 0.198 5 0.197
C1M148  1 246.11 5 1  0.482 2 0.112 3 0.196 4 0.158 5 0.052
C1M151  1 249.51 5 1  0.092 2 0.107 3 0.516 4 0.161 5 0.124
C1M154  1 254.54 5 1  0.000 2 0.223 3 0.662 4 0.006 5 0.109
C1M157  1 260.89 5 1  0.532 2 0.078 3 0.156 4 0.234 5 0.000
C1M160  1 266.39 5 1  0.087 2 0.341 3 0.154 4 0.385 5 0.033
C1M163  1 270.09 5 1  0.125 2 0.170 3 0.183 4 0.254 5 0.268
C1M166  1 276.17 5 1  0.132 2 0.180 3 0.262 4 0.125 5 0.301
C1M169  1 281.13 5 1  0.117 2 0.015 3 0.099 4 0.063 5 0.706
C1M172  1 286.55 5 1  0.157 2 0.089 3 0.043 4 0.002 5 0.709
C1M175  1 290.81 5 1  0.088 2 0.284 3 0.263 4 0.328 5 0.037
C1M178  1 296.01 5 1  0.195 2 0.066 3 0.175 4 0.008 5 0.556
C1M181  1 301.14 5 1  0.038 2 0.274 3 0.029 4 0.289 5 0.370
C2M1  2   0.77 5 1  0.210 2 0.207 3 0.105 4 0.022 5 0.456
C2M4  2   5.26 5 1  0.035 2 0.206 3 0.524 4 0.077 5 0.158
C2M7  2   9.54 5 1  0.181 2 0.275 3 0.267 4 0.049 5 0.228
C2M10  2  15.75 5 1  0.586 2 0.133 3 0.048 4 0.018 5 0.215
C2M13  2  19.91 5 1  0.142 2 0.072 3 0.365 4 0.272 5 0.149
C2M16  2  24.83 5 1  0.245 2 0.327 3 0.118 4 0.022 5 0.288
C2M19  2  29.98 5 1  0.133 2 0.346 3 0.109 4 0.194 5 0.218
C2M22  2  34.51 5 1  0.445 2 0.152 3 0.261 4 0.109 5 0.033
C2M25  2  39.21 5 1  0.204 2 0.317 3 0.126 4 0.144 5 0.209
C2M28  2  44.64 5 1  0.561 2 0.127 3 0.188 4 0.003 5 0.121
C2M31  2  49.72 5 1  0.426 2 0.237 3 0.047 4 0.015 5 0.275
C2M34  2  54.19 5 1  0.350 2 0.000 3 0.015 4 0.481 5 0.154
C2M37  2  59.49 5 1  0.037 2 0.379 3 0.217 4 0.071 5 0.296
C2M40  2  64.50 5 1  0.075 2 0.174 3 0.011 4 0.203 5 0.537
C2M43  2  70.65 5 1  0.019 2 0.234 3 0.004 4 0.433 5 0.310
C2M46  2  74.73 5 1  0.087 2 0.143 3 0.296 4 0.017 5 0.457
C2M49  2  80.90 5 1  0.291 2 0.094 3 0.088 4 0.354 5 0.173
C2M52  2  84.98 5 1  0.126 2 0.331 3 0.126 4 0.112 5 0.305
C2M55  2  90.33 5 1  0.501 2 0.268 3 0.057 4 0.143 5 0.031
C2M58  2  94.89 5 1  0.039 2 0.236 3 0.056 4 0.545 5 0.124
C2M61  2 100.54 5 1  0.220 2 0.401 3 0.096 4 0.261 5 0.022
C2M64  2 104.26 5 1  0.310 2 0.452 3 0.072 4 0.002 5 0.164
C2M67  2 110.02 5 1  0.025 2 0.005 3 0.529 4 0.422 5 0.019
C2M70  2 114.63 5 1  0.606 2 0.014 3 0.031 4 0.151 5 0.198
C2M73  2 120.95 5 1  0.361 2 0.228 3 0.068 4 0.252 5 0.091
C2M76  2 126.19 5 1  0.287 2 0.166 3 0.042 4 0.153 5 0.352
C2M79  2 129.91 5 1  0.318 2 0.116 3 0.099 4 0.322 5 0.145
C2M82  2 135.74 5 1  0.247 2 0.304 3 0.296 4 0.031 5 0.122
C2M85  2 139.96 5 1  0.797 2 0.015 3 0.036 4 0.107 5 0.045
C2M88  2 146.24 5 1  0.155 2 0.248 3 0.438 4 0.073 5 0.086
C2M91  2 150.09 5 1  0.172 2 0.180 3 0.000 4 0.187 5 0.461
C2M94  2 155.07 5 1  0.136 2 0.224 3 0.159 4 0.405 5 0.076
C2M97  2 160.44 5 1  0.050 2 0.118 3 0.045 4 0.623 5 0.164
C2M100  2 165.26 5 1  0.115 2 0.072 3 0.002 4 0.073 5 0.738
C2M103  2 169.73 5 1  0.033 2 0.001 3 0.132 4 0.696 5 0.138
C2M106  2 175.20 5 1  0.102 2 0.264 3 0.230 4 0.363 5 0.041
C2M109  2 179.55 5 1  0.071 2 0.162 3 0.049 4 0.420 5 0.298
C2M112  2 184.60 5 1  0.021 2 0.083 3 0.538 4 0.068 5 0.290
C2M115  2 190.26 5 1  0.107 2 0.225 3 0.397 4 0.262 5 0.009
C2M118  2 194.79 5 1  0.329 2 0.123 3 0.127 4 0.117 5 0.304
C2M121  2 200.26 5 1  0.143 2 0.100 3 0.485 4 0.173 5 0.099
C2M124  2 206.37 5 1  0.063 2 0.102 3 0.393 4 0.257 5 0.185
C2M127  2 211.08 5 1  0.206 2 0.327 3 0.320 4 0.125 5 0.022
C2M130  2 215.00 5 1  0.164 2 0.093 3 0.364 4 0.346 5 0.033
C2M133  2 220.63 5 1  0.513 2 0.225 3 0.016 4 0.151 5 0.095
C2M136  2 226.25 5 1  0.031 2 0.109 3 0.553 4 0.086 5 0.221
C2M139  2 230.37 5 1  0.186 2 0.164 3 0.045 4 0.068 5 0.537
C2M142  2 234.76 5 1  0.000 2 0.038 3 0.366 4 0.399 5 0.197
C2M145  2 239.74 5 1  0.108 2 0.005 3 0.643 4 0.232 5 0.012
C2M148  2 244.54 5 1  0.496 2 0.063 3 0.200 4 0.054 5 0.187
C2M151  2 250.97 5 1  0.360 2 0.136 3 0.057 4 0.415 5 0.032
C2M154  2 255.26 5 1  0.010 2 0.000 3 0.000 4 0.641 5 0.349
C2M157  2 260.67 5 1  0.039 2 0.106 3 0.311 4 0.280 5 0.264
C2M160  2 266.18 5 1  0.467 2 0.128 3 0.174 4 0.092 5 0.139
C2M163  2 271.17 5 1  0.160 2 0.125 3 0.091 4 0.163 5 0.461
C2M166  2 276.30 5 1 -0.001 2 0.423 3 0.011 4 0.102 5 0.465
C2M169  2 279.78 5 1  0.020 2 0.495 3 0.138 4 0.233 5 0.114
C2M172  2 286.48 5 1  0.094 2 0.226 3 0.174 4 0.106 5 0.400
C2M175  2 290.72 5 1  0.188 2 0.483 3 0.083 4 0.101 5 0.145
C2M178  2 294.66 5 1  0.050 2 0.144 3 0.249 4 0.024 5 0.533
C2M181  2 300.09 5 1  0.125 2 0.172 3 0.019 4 0.673 5 0.011
C3M1  3   0.96 5 1  0.338 2 0.392 3 0.037 4 0.219 5 0.014
C3M4  3   5.78 5 1  0.266 2 0.106 3 0.095 4 0.327 5 0.206
C3M7  3   9.50 5 1  0.000 2 0.277 3 0.033 4 0.666 5 0.024
C3M10  3  15.54 5 1  0.050 2 0.639 3 0.106 4 0.100 5 0.105
C3M13  3  20.17 5 1  0.349 2 0.320 3 0.025 4 0.297 5 0.009
C3M16  3  24.66 5 1  0.358 2 0.182 3 0.000 4 0.000 5 0.460
C3M19  3  30.45 5 1  0.041 2 0.536 3 0.131 4 0.107 5 0.185
C3M22  3  34.74 5 1  0.410 2 0.021 3 0.206 4 0.232 5 0.131
C3M25  3  39.49 5 1  0.062 2 0.120 3 0.277 4 0.527 5 0.014
C3M28  3  45.93 5 1  0.322 2 0.055 3 0.364 4 0.202 5 0.057
C3M31  3  49.15 5 1  0.262 2 0.039 3 0.209 4 0.107 5 0.383
C3M34  3  56.04 5 1  0.167 2 0.085 3 0.263 4 0.485 5 0.000
C3M37  3  59.75 5 1  0.023 2 0.450 3 0.357 4 0.091 5 0.079
C3M40  3  65.46 5 1  0.248 2 0.244 3 0.278 4 0.228 5 0.002
C3M43  3  70.21 5 1  0.042 2 0.464 3 0.049 4 0.331 5 0.114
C3M46  3  75.79 5 1  0.016 2 0.369 3 0.146 4 0.365 5 0.104
C3M49  3  79.53 5 1  0.257 2 0.227 3 0.067 4 0.155 5 0.294
C3M52  3  84.97 5 1  0.099 2 0.288 3 0.108 4 0.177 5 0.328
C3M55  3  89.54 5 1  0.094 2 0.313 3 0.154 4 0.014 5 0.425
C3M58  3  94.76 5 1  0.260 2 0.393 3 0.000 4 0.053 5 0.294
C3M61  3 100.46 5 1  0.392 2 0.219 3 0.105 4 0.275 5 0.009
C3M64  3 104.81 5 1  0.232 2 0.350 3 0.204 4 0.198 5 0.016
C3M67  3 110.11 5 1  0.063 2 0.774 3 0.028 4 0.000 5 0.135
C3M70  3 115.69 5 1  0.092 2 0.188 3 0.385 4 0.143 5 0.192
C3M73  3 120.58 5 1  0.221 2 0.229 3 0.142 4 0.028 5 0.380
C3M76  3 124.87 5 1  0.111 2 0.579 3 0.014 4 0.104 5 0.192
C3M79  3 130.22 5 1  0.312 2 0.173 3 0.225 4 0.245 5 0.045
C3M82  3 134.85 5 1  0.489 2 0.026 3 0.328 4 0.000 5 0.157
C3M85  3 139.64 5 1  0.147 2 0.323 3 0.016 4 0.090 5 0.424
C3M88  3 145.01 5 1  0.060 2 0.381 3 0.282 4 0.257 5 0.020
C3M91  3 151.11 5 1  0.360 2 0.028 3 0.007 4 0.599 5 0.006
C3M94  3 155.10 5 1  0.414 2 0.150 3 0.245 4 0.119 5 0.072
C3M97  3 160.88 5 1  0.266 2 0.311 3 0.022 4 0.080 5 0.321
C3M100  3 164.90 5 1  0.180 2 0.164 3 0.628 4 0.000 5 0.028
C3M103  3 171.05 5 1  0.338 2 0.105 3 0.058 4 0.126 5 0.373
C3M106  3 174.69 5 1  0.293 2 0.043 3 0.464 4 0.000 5 0.200
C3M109  3 179.52 5 1  0.019 2 0.063 3 0.491 4 0.136 5 0.291
C3M112  3 184.95 5 1  0.014 2 0.273 3 0.409 4 0.089 5 0.215
C3M115  3 191.06 5 1  0.526 2 0.093 3 0.024 4 0.232 5 0.125
C3M118  3 196.28 5 1  0.231 2 0.168 3 0.012 4 0.387 5 0.202
C3M121  3 199.49 5 1  0.265 2 0.164 3 0.367 4 0.021 5 0.183
C4M1  4   0.52 5 1  0.207 2 0.265 3 0.042 4 0.103 5 0.383
C4M4  4   4.60 5 1  0.232 2 0.008 3 0.111 4 0.330 5 0.319
C4M7  4  10.32 5 1  0.060 2 0.030 3 0.507 4 0.050 5 0.353
C4M10  4  14.20 5 1  0.411 2 0.214 3 0.190 4 0.169 5 0.016
C4M13  4  20.99 5 1  0.608 2 0.233 3 0.000 4 0.153 5 0.006
C4M16  4  24.08 5 1  0.267 2 0.375 3 0.044 4 0.183 5 0.131
C4M19  4  30.14 5 1  0.557 2 0.057 3 0.098 4 0.186 5 0.102
C4M22  4  36.00 5 1  0.233 2 0.447 3 0.022 4 0.201 5 0.097
C4M25  4  39.28 5 1  0.230 2 0.155 3 0.028 4 0.441 5 0.146
C4M28  4  44.60 5 1  0.235 2 0.000 3 0.024 4 0.562 5 0.179
C4M31  4  50.89 5 1  0.332 2 0.518 3 0.125 4 0.025 5 0.000
C4M34  4  54.89 5 1  0.175 2 0.193 3 0.243 4 0.083 5 0.306
C4M37  4  60.71 5 1  0.342 2 0.378 3 0.069 4 0.129 5 0.082
C4M40  4  64.83 5 1  0.292 2 0.380 3 0.246 4 0.077 5 0.005
C4M43  4  69.42 5 1  0.272 2 0.522 3 0.138 4 0.000 5 0.068
C4M46  4  75.45 5 1  0.095 2 0.453 3 0.102 4 0.098 5 0.252
C4M49  4  80.25 5 1  0.139 2 0.023 3 0.292 4 0.017 5 0.529
C4M52  4  86.06 5 1  0.132 2 0.183 3 0.343 4 0.329 5 0.013
C4M55  4  90.32 5 1  0.044 2 0.014 3 0.034 4 0.196 5 0.712
C4M58  4  96.10 5 1  0.129 2 0.105 3 0.266 4 0.137 5 0.363
C4M61  4 100.76 5 1  0.190 2 0.249 3 0.311 4 0.130 5 0.120
C4M64  4 104.45 5 1  0.000 2 0.098 3 0.106 4 0.229 5 0.567
C4M67  4 110.89 5 1  0.117 2 0.155 3 0.248 4 0.296 5 0.184
C4M70  4 114.40 5 1  0.181 2 0.314 3 0.405 4 0.084 5 0.016
C4M73  4 120.74 5 1  0.093 2 0.000 3 0.237 4 0.251 5 0.419
C4M76  4 124.38 5 1  0.032 2 0.184 3 0.016 4 0.758 5 0.010
C4M79  4 129.42 5 1  0.502 2 0.132 3 0.052 4 0.014 5 0.300
C4M82  4 134.48 5 1  0.145 2 0.526 3 0.074 4 0.214 5 0.041
C4M85  4 140.09 5 1  0.317 2 0.000 3 0.184 4 0.283 5 0.216
C4M88  4 146.24 5 1  0.044 2 0.433 3 0.181 4 0.291 5 0.051
C4M91  4 149.63 5 1  0.280 2 0.281 3 0.011 4 0.342 5 0.086
C4M94  4 155.32 5 1  0.000 2 0.202 3 0.159 4 0.295 5 0.344
C4M97  4 159.72 5 1  0.289 2 0.068 3 0.276 4 0.361 5 0.006
C4M100  4 164.73 5 1  0.256 2 0.119 3 0.248 4 0.000 5 0.377
C4M103  4 169.70 5 1  0.237 2 0.444 3 0.013 4 0.006 5 0.300
C4M106  4 174.90 5 1  0.457 2 0.111 3 0.084 4 0.348 5 0.000
C4M109  4 179.62 5 1  0.016 2 0.294 3 0.391 4 0.219 5 0.080
C4M112  4 186.09 5 1  0.020 2 0.443 3 0.253 4 0.130 5 0.154
C4M115  4 190.67 5 1  0.341 2 0.143 3 0.245 4 0.097 5 0.174
C4M118  4 195.60 5 1  0.095 2 0.008 3 0.091 4 0.014 5 0.792
C4M121  4 201.34 5 1  0.131 2 0.237 3 0.035 4 0.148 5 0.449
C5M1  5   0.25 5 1  0.047 2 0.163 3 0.091 4 0.332 5 0.367
C5M4  5   5.65 5 1  0.145 2 0.000 3 0.244 4 0.224 5 0.387
C5M7  5   9.47 5 1  0.363 2 0.186 3 0.000 4 0.351 5 0.100
C5M10  5  14.44 5 1  0.129 2 0.148 3 0.222 4 0.441 5 0.060
C5M13  5  19.43 5 1  0.068 2 0.161 3 0.120 4 0.624 5 0.027
C5M16  5  24.53 5 1 -0.001 2 0.287 3 0.311 4 0.244 5 0.159
C5M19  5  31.02 5 1  0.026 2 0.268 3 0.060 4 0.596 5 0.050
C5M22  5  35.12 5 1  0.263 2 0.172 3 0.095 4 0.179 5 0.291
C5M25  5  40.73 5 1  0.185 2 0.305 3 0.192 4 0.181 5 0.137
C5M28  5  45.43 5 1  0.045 2 0.252 3 0.302 4 0.314 5 0.087
C5M31  5  51.06 5 1  0.488 2 0.148 3 0.214 4 0.082 5 0.068
C5M34  5  54.23 5 1  0.044 2 0.415 3 0.070 4 0.005 5 0.466
C5M37  5  59.79 5 1  0.000 2 0.096 3 0.026 4 0.011 5 0.867
C5M40  5  64.16 5 1  0.261 2 0.079 3 0.215 4 0.212 5 0.233
C5M43  5  69.87 5 1  0.301 2 0.126 3 0.340 4 0.188 5 0.045
C5M46  5  74.57 5 1  0.024 2 0.343 3 0.079 4 0.428 5 0.126
C5M49  5  79.46 5 1  0.194 2 0.246 3 0.436 4 0.020 5 0.104
C5M52  5  86.04 5 1  0.107 2 0.330 3 0.531 4 0.005 5 0.027
C5M55  5  89.98 5 1  0.186 2 0.075 3 0.035 4 0.440 5 0.264
C5M58  5  95.16 5 1  0.327 2 0.129 3 0.037 4 0.355 5 0.152
C5M61  5 100.56 5 1  0.175 2 0.528 3 0.169 4 0.090 5 0.038
C5M64  5 105.92 5 1  0.041 2 0.393 3 0.352 4 0.016 5 0.198
C5M67  5 111.05 5 1  0.292 2 0.397 3 0.134 4 0.066 5 0.111
C5M70  5 115.18 5 1  0.108 2 0.224 3 0.000 4 0.123 5 0.545
C5M73  5 120.67 5 1  0.075 2 0.051 3 0.330 4 0.168 5 0.376
C5M76  5 125.91 5 1  0.149 2 0.054 3 0.003 4 0.682 5 0.112
C5M79  5 130.61 5 1  0.096 2 0.295 3 0.273 4 0.091 5 0.245
C5M82  5 134.95 5 1  0.710 2 0.010 3 0.024 4 0.128 5 0.128
C5M85  5 141.06 5 1  0.124 2 0.072 3 0.519 4 0.249 5 0.036
C5M88  5 145.35 5 1  0.185 2 0.129 3 0.456 4 0.084 5 0.146
C5M91  5 151.05 5 1  0.237 2 0.248 3 0.069 4 0.010 5 0.436
C5M94  5 154.83 5 1  0.001 2 0.195 3 0.016 4 0.002 5 0.786
C5M97  5 160.40 5 1  0.181 2 0.395 3 0.392 4 0.032 5 0.000
C5M100  5 164.76 5 1  0.055 2 0.010 3 0.159 4 0.688 5 0.088
C5M103  5 169.77 5 1  0.118 2 0.505 3 0.345 4 0.000 5 0.032
C5M106  5 175.30 5 1  0.179 2 0.209 3 0.091 4 0.367 5 0.154
C5M109  5 181.15 5 1  0.355 2 0.114 3 0.236 4 0.104 5 0.191
C5M112  5 184.97 5 1  0.170 2 0.062 3 0.398 4 0.370 5 0.000
C5M115  5 190.49 5 1  0.109 2 0.221 3 0.220 4 0.430 5 0.020
C5M118  5 195.90 5 1  0.515 2 0.047 3 0.057 4 0.236 5 0.145
C5M121  5 201.31 5 1  0.071 2 0.461 3 0.239 4 0.198 5 0.031
C6M1  6   0.91 5 1  0.008 2 0.047 3 0.000 4 0.305 5 0.640
C6M4  6   4.68 5 1  0.015 2 0.049 3 0.177 4 0.759 5 0.000
C6M7  6  10.05 5 1  0.487 2 0.103 3 0.006 4 0.393 5 0.011
C6M10  6  14.33 5 1  0.255 2 0.556 3 0.061 4 0.069 5 0.059
C6M13  6  19.75 5 1  0.094 2 0.137 3 0.573 4 0.040 5 0.156
C6M16  6  25.46 5 1  0.386 2 0.154 3 0.407 4 0.002 5 0.051
C6M19  6  29.22 5 1  0.160 2 0.267 3 0.435 4 0.071 5 0.067
C6M22  6  34.57 5 1  0.169 2 0.519 3 0.205 4 0.000 5 0.107
C6M25  6  39.18 5 1  0.000 2 0.132 3 0.165 4 0.198 5 0.505
C6M28  6  45.57 5 1  0.029 2 0.146 3 0.251 4 0.082 5 0.492
C6M31  6  49.13 5 1  0.182 2 0.048 3 0.490 4 0.253 5 0.027
C6M34  6  54.19 5 1  0.323 2 0.112 3 0.388 4 0.000 5 0.177
C6M37  6  59.68 5 1  0.154 2 0.292 3 0.105 4 0.113 5 0.336
C6M40  6  64.21 5 1  0.043 2 0.082 3 0.000 4 0.096 5 0.779
C6M43  6  70.40 5 1  0.049 2 0.039 3 0.204 4 0.146 5 0.562
C6M46  6  75.66 5 1  0.361 2 0.300 3 0.090 4 0.018 5 0.231
C6M49  6  79.26 5 1  0.449 2 0.003 3 0.320 4 0.000 5 0.228
C6M52  6  85.43 5 1  0.013 2 0.346 3 0.211 4 0.067 5 0.363
C6M55  6  89.89 5 1  0.077 2 0.686 3 0.135 4 0.015 5 0.087
C6M58  6  95.81 5 1  0.078 2 0.349 3 0.129 4 0.420 5 0.024
C6M61  6 100.54 5 1  0.023 2 0.056 3 0.423 4 0.000 5 0.498
C6M64  6 104.25 5 1  0.180 2 0.059 3 0.151 4 0.259 5 0.351
C6M67  6 110.60 5 1  0.067 2 0.077 3 0.128 4 0.290 5 0.438
C6M70  6 116.00 5 1  0.375 2 0.284 3 0.101 4 0.115 5 0.125
C6M73  6 120.31 5 1  0.183 2 0.458 3 0.355 4 0.000 5 0.004
C6M76  6 126.02 5 1  0.216 2 0.069 3 0.029 4 0.330 5 0.356
C6M79  6 131.09 5 1  0.407 2 0.061 3 0.007 4 0.460 5 0.065
C6M82  6 135.97 5 1  0.101 2 0.039 3 0.361 4 0.330 5 0.169
C6M85  6 139.87 5 1  0.001 2 0.085 3 0.165 4 0.662 5 0.087
C6M88  6 145.86 5 1  0.392 2 0.006 3 0.350 4 0.117 5 0.135
C6M91  6 150.29 5 1  0.710 2 0.051 3 0.117 4 0.015 5 0.107
C6M94  6 156.28 5 1  0.391 2 0.063 3 0.154 4 0.075 5 0.317
C6M97  6 159.81 5 1  0.046 2 0.456 3 0.015 4 0.262 5 0.221
C6M100  6 164.48 5 1  0.229 2 0.451 3 0.102 4 0.177 5 0.041
C6M103  6 169.80 5 1  0.296 2 0.044 3 0.047 4 0.008 5 0.605
C6M106  6 174.91 5 1  0.079 2 0.035 3 0.000 4 0.729 5 0.157
C6M109  6 181.30 5 1  0.509 2 0.104 3 0.215 4 0.124 5 0.048
C6M112  6 185.69 5 1  0.113 2 0.437 3 0.166 4 0.274 5 0.010
C6M115  6 190.72 5 1  0.104 2 0.461 3 0.025 4 0.305 5 0.105
C6M118  6 194.81 5 1  0.207 2 0.364 3 0.247 4 0.032 5 0.150
C6M121  6 201.38 5 1  0.081 2 0.124 3 0.155 4 0.071 5 0.569
C7M1  7   0.07 5 1  0.001 2 0.027 3 0.445 4 0.117 5 0.410
C7M4  7   5.16 5 1  0.109 2 0.056 3 0.038 4 0.539 5 0.258
C7M7  7  10.56 5 1  0.216 2 0.295 3 0.091 4 0.372 5 0.026
C7M10  7  14.74 5 1  0.581 2 0.302 3 0.000 4 0.011 5 0.106
C7M13  7  19.55 5 1  0.053 2 0.286 3 0.103 4 0.000 5 0.558
C7M16  7  24.68 5 1  0.018 2 0.129 3 0.550 4 0.073 5 0.230
C7M19  7  30.55 5 1  0.164 2 0.122 3 0.118 4 0.314 5 0.282
C7M22  7  35.07 5 1  0.038 2 0.687 3 0.263 4 0.006 5 0.006
C7M25  7  40.50 5 1  0.153 2 0.336 3 0.100 4 0.366 5 0.045
C7M28  7  44.92 5 1  0.109 2 0.388 3 0.046 4 0.197 5 0.260
C7M31  7  49.52 5 1  0.129 2 0.392 3 0.027 4 0.402 5 0.050
C7M34  7  54.27 5 1  0.176 2 0.356 3 0.181 4 0.078 5 0.209
C7M37  7  59.44 5 1  0.209 2 0.021 3 0.307 4 0.225 5 0.238
C7M40  7  65.14 5 1  0.131 2 0.197 3 0.593 4 0.045 5 0.034
C7M43  7  70.81 5 1  0.070 2 0.154 3 0.129 4 0.495 5 0.152
C7M46  7  75.12 5 1  0.508 2 0.056 3 0.130 4 0.117 5 0.189
C7M49  7  80.03 5 1  0.345 2 0.112 3 0.260 4 0.147 5 0.136
C7M52  7  85.93 5 1  0.226 2 0.048 3 0.043 4 0.112 5 0.571
C7M55  7  90.71 5 1  0.251 2 0.443 3 0.010 4 0.000 5 0.296
C7M58  7  94.30 5 1  0.128 2 0.201 3 0.322 4 0.135 5 0.214
C7M61  7  99.60 5 1  0.253 2 0.105 3 0.428 4 0.170 5 0.044
C7M64  7 105.58 5 1  0.052 2 0.593 3 0.084 4 0.064 5 0.207
C7M67  7 111.02 5 1  0.523 2 0.132 3 0.011 4 0.334 5 0.000
C7M70  7 114.32 5 1  0.354 2 0.001 3 0.141 4 0.431 5 0.073
C7M73  7 119.42 5 1  0.055 2 0.590 3 0.026 4 0.075 5 0.254
C7M76  7 125.13 5 1  0.211 2 0.000 3 0.333 4 0.286 5 0.170
C7M79  7 130.82 5 1  0.004 2 0.032 3 0.667 4 0.075 5 0.222
C7M82  7 134.55 5 1  0.028 2 0.331 3 0.235 4 0.153 5 0.253
C7M85  7 140.64 5 1  0.676 2 0.008 3 0.041 4 0.006 5 0.269
C7M88  7 144.39 5 1  0.374 2 0.368 3 0.048 4 0.024 5 0.186
C7M91  7 150.51 5 1  0.089 2 0.351 3 0.364 4 0.048 5 0.148
C7M94  7 155.21 5 1  0.211 2 0.120 3 0.250 4 0.263 5 0.156
C7M97  7 160.82 5 1  0.055 2 0.513 3 0.249 4 0.068 5 0.115
C7M100  7 164.68 5 1  0.000 2 0.295 3 0.020 4 0.365 5 0.320
C7M103  7 170.65 5 1  0.266 2 0.307 3 0.145 4 0.220 5 0.062
C7M106  7 174.68 5 1  0.113 2 0.056 3 0.564 4 0.134 5 0.133
C7M109  7 179.88 5 1  0.042 2 0.270 3 0.138 4 0.471 5 0.079
C7M112  7 184.56 5 1  0.137 2 0.031 3 0.036 4 0.599 5 0.197
C7M115  7 190.17 5 1  0.224 2 0.201 3 0.157 4 0.025 5 0.393
C7M118  7 194.82 5 1  0.034 2 0.044 3 0.182 4 0.129 5 0.611
C7M121  7 200.68 5 1  0.204 2 0.011 3 0.467 4 0.084 5 0.234
C8M1  8   0.48 5 1  0.363 2 0.381 3 0.013 4 0.228 5 0.015
C8M4  8   4.20 5 1  0.097 2 0.149 3 0.015 4 0.700 5 0.039
C8M7  8   9.16 5 1  0.013 2 0.014 3 0.044 4 0.611 5 0.318
C8M10  8  14.41 5 1  0.196 2 0.515 3 0.047 4 0.022 5 0.220
C8M13  8  20.79 5 1  0.297 2 0.066 3 0.070 4 0.487 5 0.080
C8M16  8  26.01 5 1  0.228 2 0.066 3 0.128 4 0.206 5 0.372
C8M19  8  29.84 5 1  0.070 2 0.024 3 0.345 4 0.346 5 0.215
C8M22  8  34.11 5 1  0.178 2 0.117 3 0.251 4 0.265 5 0.189
C8M25  8  39.17 5 1  0.003 2 0.103 3 0.370 4 0.362 5 0.162
C8M28  8  44.31 5 1  0.025 2 0.341 3 0.036 4 0.089 5 0.509
C8M31  8  50.24 5 1  0.425 2 0.075 3 0.008 4 0.415 5 0.077
C8M34  8  55.79 5 1  0.298 2 0.053 3 0.396 4 0.173 5 0.080
C8M37  8  60.75 5 1  0.017 2 0.479 3 0.414 4 0.047 5 0.043
C8M40  8  65.85 5 1  0.217 2 0.048 3 0.398 4 0.039 5 0.298
C8M43  8  70.85 5 1  0.286 2 0.002 3 0.341 4 0.130 5 0.241
C8M46  8  75.75 5 1  0.168 2 0.127 3 0.055 4 0.340 5 0.310
C8M49  8  79.20 5 1  0.256 2 0.104 3 0.006 4 0.177 5 0.457
C8M52  8  85.22 5 1  0.266 2 0.417 3 0.198 4 0.076 5 0.043
C8M55  8  89.91 5 1  0.358 2 0.054 3 0.084 4 0.311 5 0.193
C8M58  8  95.44 5 1  0.000 2 0.000 3 0.217 4 0.466 5 0.317
C8M61  8 101.03 5 1  0.056 2 0.064 3 0.056 4 0.204 5 0.620
C8M64  8 104.58 5 1  0.012 2 0.514 3 0.168 4 0.102 5 0.204
C8M67  8 110.12 5 1  0.138 2 0.062 3 0.763 4 0.000 5 0.037
C8M70  8 114.74 5 1  0.014 2 0.462 3 0.085 4 0.202 5 0.237
C8M73  8 120.43 5 1  0.017 2 0.057 3 0.102 4 0.380 5 0.444
C8M76  8 125.04 5 1  0.085 2 0.234 3 0.133 4 0.275 5 0.273
C8M79  8 131.01 5 1  0.288 2 0.176 3 0.219 4 0.264 5 0.053
C8M82  8 134.62 5 1  0.328 2 0.361 3 0.040 4 0.070 5 0.201
C8M85  8 140.90 5 1  0.177 2 0.339 3 0.048 4 0.317 5 0.119
C8M88  8 145.88 5 1  0.088 2 0.520 3 0.004 4 0.003 5 0.385
C8M91  8 150.51 5 1  0.373 2 0.008 3 0.020 4 0.489 5 0.110
C9M1  9   0.90 5 1  0.016 2 0.264 3 0.004 4 0.267 5 0.449
C9M4  9   5.39 5 1  0.446 2 0.026 3 0.257 4 0.120 5 0.151
C9M7  9   9.32 5 1  0.275 2 0.158 3 0.220 4 0.104 5 0.243
C9M10  9  14.43 5 1  0.092 2 0.371 3 0.082 4 0.336 5 0.119
C9M13  9  19.25 5 1  0.170 2 0.161 3 0.299 4 0.346 5 0.024
C9M16  9  24.08 5 1  0.163 2 0.090 3 0.520 4 0.080 5 0.147
C9M19  9  30.37 5 1  0.144 2 0.043 3 0.186 4 0.534 5 0.093
C9M22  9  34.55 5 1  0.187 2 0.120 3 0.126 4 0.390 5 0.177
C9M25  9  39.34 5 1  0.137 2 0.008 3 0.375 4 0.282 5 0.198
C9M28  9  44.21 5 1  0.188 2 0.097 3 0.164 4 0.502 5 0.049
C9M31  9  50.51 5 1  0.223 2 0.000 3 0.150 4 0.127 5 0.500
C9M34  9  54.17 5 1  0.235 2 0.319 3 0.019 4 0.000 5 0.427
C9M37  9  60.88 5 1  0.143 2 0.078 3 0.117 4 0.657 5 0.005
C9M40  9  64.16 5 1  0.131 2 0.013 3 0.617 4 0.067 5 0.172
C9M43  9  70.16 5 1  0.440 2 0.156 3 0.171 4 0.071 5 0.162
C9M46  9  75.44 5 1  0.290 2 0.092 3 0.063 4 0.234 5 0.321
C9M49  9  80.55 5 1  0.250 2 0.420 3 0.082 4 0.212 5 0.036
C9M52  9  85.49 5 1  0.040 2 0.108 3 0.756 4 0.059 5 0.037
C9M55  9  89.69 5 1  0.164 2 0.075 3 0.090 4 0.065 5 0.606
C9M58  9  96.19 5 1  0.228 2 0.030 3 0.236 4 0.115 5 0.391
C9M61  9 100.59 5 1  0.206 2 0.032 3 0.402 4 0.313 5 0.047
C9M64  9 104.31 5 1  0.000 2 0.022 3 0.055 4 0.916 5 0.007
C9M67  9 109.42 5 1  0.383 2 0.208 3 0.032 4 0.004 5 0.373
C9M70  9 115.19 5 1  0.390 2 0.051 3 0.526 4 0.026 5 0.007
C9M73  9 120.18 5 1  0.039 2 0.207 3 0.283 4 0.438 5 0.033
C9M76  9 124.78 5 1  0.087 2 0.306 3 0.457 4 0.148 5 0.002
C9M79  9 129.44 5 1  0.079 2 0.317 3 0.183 4 0.091 5 0.330
C9M82  9 135.49 5 1  0.608 2 0.035 3 0.128 4 0.114 5 0.115
C9M85  9 140.07 5 1  0.087 2 0.071 3 0.646 4 0.033 5 0.163
C9M88  9 145.37 5 1  0.019 2 0.042 3 0.791 4 0.139 5 0.009
C9M91  9 151.02 5 1  0.073 2 0.059 3 0.047 4 0.787 5 0.034
C10M1 10   0.50 5 1  0.105 2 0.237 3 0.036 4 0.621 5 0.001
C10M4 10   5.53 5 1  0.008 2 0.311 3 0.049 4 0.099 5 0.533
C10M7 10  10.87 5 1  0.120 2 0.265 3 0.131 4 0.289 5 0.195
C10M10 10  14.69 5 1  0.006 2 0.170 3 0.133 4 0.265 5 0.426
C10M13 10  19.35 5 1  0.001 2 0.382 3 0.008 4 0.094 5 0.515
C10M16 10  24.48 5 1  0.166 2 0.026 3 0.092 4 0.442 5 0.274
C10M19 10  29.29 5 1  0.211 2 0.286 3 0.036 4 0.297 5 0.170
C10M22 10  34.46 5 1  0.482 2 0.267 3 0.078 4 0.113 5 0.060
C10M25 10  40.80 5 1  0.156 2 0.305 3 0.028 4 0.321 5 0.190
C10M28 10  44.55 5 1  0.370 2 0.019 3 0.058 4 0.463 5 0.090
C10M31 10  50.63 5 1  0.006 2 0.368 3 0.172 4 0.169 5 0.285
C10M34 10  55.34 5 1  0.048 2 0.120 3 0.203 4 0.499 5 0.130
C10M37 10  60.26 5 1  0.006 2 0.210 3 0.125 4 0.407 5 0.252
C10M40 10  64.44 5 1  0.169 2 0.244 3 0.235 4 0.295 5 0.057
C10M43 10  69.21 5 1  0.147 2 0.043 3 0.108 4 0.584 5 0.118
C10M46 10  76.15 5 1  0.485 2 0.003 3 0.199 4 0.189 5 0.124
C10M49 10  80.83 5 1  0.002 2 0.285 3 0.306 4 0.041 5 0.366
C10M52 10  85.34 5 1  0.162 2 0.226 3 0.112 4 0.346 5 0.154
C10M55 10  89.86 5 1  0.090 2 0.363 3 0.217 4 0.113 5 0.217
C10M58 10  94.52 5 1  0.160 2 0.447 3 0.227 4 0.129 5 0.037
C10M61 10 100.81 5 1  0.279 2 0.034 3 0.012 4 0.572 5 0.103
C10M64 10 105.51 5 1  0.106 2 0.252 3 0.045 4 0.088 5 0.509
C10M67 10 110.63 5 1  0.215 2 0.500 3 0.000 4 0.241 5 0.044
C10M70 10 115.13 5 1  0.104 2 0.471 3 0.000 4 0.092 5 0.333
C10M73 10 119.38 5 1  0.075 2 0.363 3 0.376 4 0.132 5 0.054
C10M76 10 124.98 5 1  0.460 2 0.038 3 0.072 4 0.086 5 0.344
C10M79 10 130.55 5 1  0.193 2 0.293 3 0.506 4 0.007 5 0.001
C10M82 10 135.72 5 1  0.095 2 0.119 3 0.427 4 0.355 5 0.004
C10M85 10 140.12 5 1  0.158 2 0.042 3 0.211 4 0.279 5 0.310
C10M88 10 145.47 5 1  0.114 2 0.145 3 0.099 4 0.268 5 0.374
C10M91 10 150.90 5 1  0.172 2 0.040 3 0.109 4 0.189 5 0.490
C11M1 11   0.70 5 1  0.308 2 0.438 3 0.161 4 0.000 5 0.093
C11M4 11   4.01 5 1  0.490 2 0.050 3 0.101 4 0.086 5 0.273
C11M7 11   9.62 5 1  0.113 2 0.000 3 0.063 4 0.493 5 0.331
C11M10 11  15.42 5 1  0.595 2 0.139 3 0.052 4 0.037 5 0.177
C11M13 11  20.97 5 1  0.045 2 0.160 3 0.391 4 0.101 5 0.303
C11M16 11  24.31 5 1  0.064 2 0.101 3 0.000 4 0.769 5 0.066
C11M19 11  29.21 5 1  0.077 2 0.170 3 0.415 4 0.064 5 0.274
C11M22 11  35.21 5 1  0.086 2 0.158 3 0.350 4 0.299 5 0.107
C11M25 11  40.19 5 1  0.038 2 0.012 3 0.406 4 0.103 5 0.441
C11M28 11  44.21 5 1  0.251 2 0.042 3 0.101 4 0.353 5 0.253
C11M31 11  50.45 5 1  0.703 2 0.011 3 0.010 4 0.216 5 0.060
C11M34 11  55.94 5 1  0.128 2 0.014 3 0.023 4 0.352 5 0.483
C11M37 11  60.90 5 1  0.148 2 0.236 3 0.092 4 0.291 5 0.233
C11M40 11  64.78 5 1  0.381 2 0.377 3 0.000 4 0.148 5 0.094
C11M43 11  69.33 5 1  0.187 2 0.620 3 0.116 4 0.056 5 0.021
C11M46 11  75.81 5 1  0.448 2 0.231 3 0.000 4 0.273 5 0.048
C11M49 11  79.41 5 1  0.438 2 0.061 3 0.078 4 0.340 5 0.083
C11M52 11  85.91 5 1  0.187 2 0.490 3 0.097 4 0.125 5 0.101
C11M55 11  91.09 5 1  0.034 2 0.249 3 0.041 4 0.481 5 0.195
C11M58 11  95.19 5 1  0.177 2 0.302 3 0.117 4 0.133 5 0.271
C11M61 11 100.51 5 1  0.368 2 0.330 3 0.164 4 0.111 5 0.027
C11M64 11 104.60 5 1  0.391 2 0.266 3 0.144 4 0.045 5 0.154
C11M67 11 110.75 5 1  0.321 2 0.151 3 0.281 4 0.188 5 0.059
C11M70 11 115.32 5 1  0.164 2 0.040 3 0.130 4 0.206 5 0.460
C11M73 11 119.67 5 1  0.153 2 0.157 3 0.473 4 0.143 5 0.074
C11M76 11 125.63 5 1  0.099 2 0.315 3 0.436 4 0.133 5 0.017
C11M79 11 131.21 5 1  0.312 2 0.271 3 0.146 4 0.232 5 0.039
C11M82 11 135.38 5 1  0.410 2 0.271 3 0.126 4 0.108 5 0.085
C11M85 11 140.34 5 1  0.225 2 0.614 3 0.037 4 0.118 5 0.006
C11M88 11 144.72 5 1  0.431 2 0.131 3 0.244 4 0.069 5 0.125
C11M91 11 150.66 5 1  0.012 2 0.101 3 0.007 4 0.562 5 0.318
C12M1 12   0.49 5 1  0.412 2 0.148 3 0.171 4 0.192 5 0.077
C12M4 12   4.94 5 1  0.042 2 0.223 3 0.583 4 0.121 5 0.031
C12M7 12   9.29 5 1  0.281 2 0.115 3 0.039 4 0.000 5 0.565
C12M10 12  15.66 5 1  0.066 2 0.329 3 0.121 4 0.343 5 0.141
C12M13 12  20.70 5 1  0.098 2 0.272 3 0.124 4 0.473 5 0.033
C12M16 12  24.76 5 1  0.470 2 0.221 3 0.084 4 0.108 5 0.117
C12M19 12  31.02 5 1  0.008 2 0.035 3 0.049 4 0.420 5 0.488
C12M22 12  36.05 5 1  0.407 2 0.101 3 0.081 4 0.258 5 0.153
C12M25 12  40.35 5 1  0.172 2 0.494 3 0.050 4 0.092 5 0.192
C12M28 12  45.97 5 1  0.222 2 0.486 3 0.082 4 0.093 5 0.117
C12M31 12  49.13 5 1  0.119 2 0.180 3 0.303 4 0.250 5 0.148
C12M34 12  54.16 5 1  0.175 2 0.150 3 0.064 4 0.340 5 0.271
C12M37 12  60.09 5 1  0.102 2 0.166 3 0.337 4 0.038 5 0.357
C12M40 12  64.67 5 1  0.558 2 0.169 3 0.086 4 0.029 5 0.158
C12M43 12  70.67 5 1  0.028 2 0.134 3 0.020 4 0.541 5 0.277
C12M46 12  75.13 5 1  0.050 2 0.047 3 0.257 4 0.442 5 0.204
C12M49 12  80.65 5 1  0.301 2 0.023 3 0.276 4 0.230 5 0.170
C12M52 12  84.26 5 1  0.161 2 0.200 3 0.336 4 0.180 5 0.123
C12M55 12  90.06 5 1  0.003 2 0.090 3 0.207 4 0.590 5 0.110
C12M58 12  94.48 5 1  0.151 2 0.502 3 0.276 4 0.007 5 0.064
C12M61 12 100.08 5 1  0.229 2 0.092 3 0.295 4 0.214 5 0.170
C12M64 12 104.78 5 1  0.043 2 0.783 3 0.141 4 0.003 5 0.030
C12M67 12 109.37 5 1  0.287 2 0.257 3 0.184 4 0.016 5 0.256
C12M70 12 115.60 5 1  0.009 2 0.003 3 0.384 4 0.557 5 0.047
C12M73 12 120.83 5 1  0.124 2 0.193 3 0.416 4 0.130 5 0.137
C12M76 12 125.33 5 1  0.298 2 0.061 3 0.201 4 0.336 5 0.104
C12M79 12 129.31 5 1  0.159 2 0.763 3 0.008 4 0.055 5 0.015
C12M82 12 134.83 5 1  0.069 2 0.217 3 0.421 4 0.046 5 0.247
C12M85 12 140.96 5 1  0.069 2 0.019 3 0.534 4 0.115 5 0.263
C12M88 12 145.22 5 1  0.085 2 0.460 3 0.014 4 0.365 5 0.076
C12M91 12 150.82 5 1  0.143 2 0.618 3 0.105 4 0.099 5 0.035
C13M1 13   1.00 5 1  0.015 2 0.332 3 0.185 4 0.349 5 0.119
C13M4 13   5.57 5 1  0.132 2 0.316 3 0.190 4 0.000 5 0.362
C13M7 13  10.78 5 1  0.186 2 0.339 3 0.023 4 0.174 5 0.278
C13M10 13  15.02 5 1  0.007 2 0.166 3 0.000 4 0.693 5 0.134
C13M13 13  20.46 5 1  0.211 2 0.425 3 0.180 4 0.077 5 0.107
C13M16 13  25.03 5 1  0.189 2 0.357 3 0.000 4 0.421 5 0.033
C13M19 13  30.62 5 1  0.058 2 0.378 3 0.001 4 0.436 5 0.127
C13M22 13  35.89 5 1  0.064 2 0.220 3 0.087 4 0.043 5 0.586
C13M25 13  39.65 5 1  0.178 2 0.490 3 0.118 4 0.000 5 0.214
C13M28 13  45.31 5 1  0.480 2 0.110 3 0.173 4 0.070 5 0.167
C13M31 13  50.18 5 1  0.034 2 0.204 3 0.114 4 0.370 5 0.278
C13M34 13  56.10 5 1  0.359 2 0.132 3 0.155 4 0.229 5 0.125
C13M37 13  60.34 5 1  0.357 2 0.052 3 0.000 4 0.000 5 0.591
C13M40 13  64.55 5 1  0.025 2 0.631 3 0.095 4 0.114 5 0.135
C13M43 13  69.78 5 1  0.198 2 0.098 3 0.637 4 0.067 5 0.000
C13M46 13  75.96 5 1  0.062 2 0.400 3 0.143 4 0.009 5 0.386
C13M49 13  79.81 5 1  0.084 2 0.012 3 0.684 4 0.012 5 0.208
C13M52 13  85.29 5 1  0.201 2 0.111 3 0.444 4 0.182 5 0.062
C13M55 13  90.56 5 1  0.014 2 0.390 3 0.088 4 0.325 5 0.183
C13M58 13  95.31 5 1  0.010 2 0.154 3 0.086 4 0.197 5 0.553
C13M61 13  99.89 5 1  0.277 2 0.344 3 0.297 4 0.082 5 0.000
C14M1 14   0.53 5 1  0.198 2 0.105 3 0.231 4 0.308 5 0.158
C14M4 14   4.87 5 1  0.136 2 0.126 3 0.129 4 0.490 5 0.119
C14M7 14  10.49 5 1  0.745 2 0.037 3 0.006 4 0.069 5 0.143
C14M10 14  14.78 5 1  0.338 2 0.277 3 0.006 4 0.075 5 0.304
C14M13 14  20.02 5 1  0.119 2 0.053 3 0.207 4 0.606 5 0.015
C14M16 14  25.65 5 1  0.079 2 0.772 3 0.027 4 0.046 5 0.076
C14M19 14  30.43 5 1  0.232 2 0.084 3 0.193 4 0.324 5 0.167
C14M22 14  35.44 5 1  0.026 2 0.112 3 0.098 4 0.709 5 0.055
C14M25 14  39.27 5 1  0.822 2 0.170 3 0.001 4 0.007 5 0.000
C14M28 14  44.85 5 1  0.180 2 0.105 3 0.086 4 0.541 5 0.088
C14M31 14  49.91 5 1  0.207 2 0.120 3 0.495 4 0.046 5 0.132
C14M34 14  54.89 5 1  0.198 2 0.181 3 0.191 4 0.361 5 0.069
C14M37 14  60.30 5 1  0.287 2 0.180 3 0.109 4 0.335 5 0.089
C14M40 14  65.80 5 1  0.244 2 0.292 3 0.040 4 0.148 5 0.276
C14M43 14  70.18 5 1  0.035 2 0.080 3 0.714 4 0.151 5 0.020
C14M46 14  75.01 5 1  0.131 2 0.090 3 0.165 4 0.362 5 0.252
C14M49 14  80.93 5 1  0.708 2 0.129 3 0.101 4 0.062 5 0.000
C14M52 14  85.99 5 1  0.406 2 0.327 3 0.180 4 0.014 5 0.073
C14M55 14  89.29 5 1  0.472 2 0.366 3 0.029 4 0.120 5 0.013
C14M58 14  95.11 5 1  0.405 2 0.020 3 0.344 4 0.176 5 0.055
C14M61 14 100.63 5 1  0.181 2 0.381 3 0.109 4 0.191 5 0.138
C15M1 15   0.25 5 1  0.354 2 0.261 3 0.056 4 0.298 5 0.031
C15M4 15   4.07 5 1  0.677 2 0.093 3 0.136 4 0.014 5 0.080
C15M7 15   9.08 5 1  0.397 2 0.177 3 0.062 4 0.220 5 0.144
C15M10 15  15.43 5 1  0.124 2 0.031 3 0.069 4 0.313 5 0.463
C15M13 15  19.56 5 1  0.082 2 0.340 3 0.534 4 0.031 5 0.013
C15M16 15  25.83 5 1  0.446 2 0.031 3 0.219 4 0.303 5 0.001
C15M19 15  29.22 5 1  0.506 2 0.194 3 0.096 4 0.199 5 0.005
C15M22 15  35.98 5 1  0.362 2 0.147 3 0.032 4 0.309 5 0.150
C15M25 15  41.03 5 1  0.528 2 0.066 3 0.298 4 0.033 5 0.075
C15M28 15  44.37 5 1  0.284 2 0.447 3 0.155 4 0.103 5 0.011
C15M31 15  50.46 5 1  0.327 2 0.417 3 0.038 4 0.199 5 0.019
C15M34 15  55.69 5 1  0.023 2 0.341 3 0.000 4 0.465 5 0.171
C15M37 15  60.52 5 1  0.131 2 0.226 3 0.293 4 0.287 5 0.063
C15M40 15  64.67 5 1  0.050 2 0.114 3 0.382 4 0.311 5 0.143
C15M43 15  70.11 5 1  0.325 2 0.098 3 0.379 4 0.076 5 0.122
C15M46 15  75.90 5 1  0.478 2 0.179 3 0.189 4 0.137 5 0.017
C15M49 15  79.17 5 1  0.104 2 0.582 3 0.003 4 0.000 5 0.311
C15M52 15  86.09 5 1  0.056 2 0.464 3 0.193 4 0.181 5 0.106
C15M55 15  90.14 5 1  0.051 2 0.105 3 0.374 4 0.410 5 0.060
C15M58 15  96.11 5 1  0.006 2 0.504 3 0.271 4 0.026 5 0.193
C15M61 15 100.20 5 1  0.137 2 0.673 3 0.002 4 0.015 5 0.173
C16M1 16   0.96 5 1  0.209 2 0.068 3 0.514 4 0.160 5 0.049
C16M4 16   4.23 5 1  0.001 2 0.374 3 0.126 4 0.203 5 0.296
C16M7 16  10.52 5 1  0.272 2 0.183 3 0.144 4 0.174 5 0.227
C16M10 16  15.23 5 1  0.637 2 0.238 3 0.108 4 0.017 5 0.000
C16M13 16  20.60 5 1  0.047 2 0.238 3 0.148 4 0.061 5 0.506
C16M16 16  25.94 5 1  0.093 2 0.230 3 0.252 4 0.098 5 0.327
C16M19 16  29.78 5 1  0.210 2 0.330 3 0.436 4 0.000 5 0.024
C16M22 16  35.04 5 1  0.518 2 0.083 3 0.304 4 0.015 5 0.080
C16M25 16  40.13 5 1  0.036 2 0.083 3 0.122 4 0.332 5 0.427
C16M28 16  45.79 5 1  0.348 2 0.199 3 0.390 4 0.063 5 0.000
C16M31 16  50.10 5 1  0.054 2 0.224 3 0.228 4 0.179 5 0.315
C16M34 16  54.80 5 1  0.030 2 0.255 3 0.643 4 0.000 5 0.072
C16M37 16  60.29 5 1  0.274 2 0.353 3 0.236 4 0.070 5 0.067
C16M40 16  65.18 5 1  0.061 2 0.016 3 0.135 4 0.208 5 0.580
C16M43 16  70.95 5 1  0.028 2 0.250 3 0.318 4 0.157 5 0.247
C16M46 16  76.11 5 1  0.046 2 0.259 3 0.139 4 0.395 5 0.161
C16M49 16  79.19 5 1  0.644 2 0.080 3 0.002 4 0.161 5 0.113
C16M52 16  85.65 5 1  0.344 2 0.057 3 0.234 4 0.229 5 0.136
C16M55 16  90.13 5 1  0.181 2 0.603 3 0.062 4 0.145 5 0.009
C16M58 16  95.99 5 1  0.000 2 0.750 3 0.060 4 0.045 5 0.145
C16M61 16  99.82 5 1  0.390 2 0.096 3 0.064 4 0.440 5 0.010
C17M1 17   0.47 5 1  0.061 2 0.124 3 0.324 4 0.104 5 0.387
C17M4 17   5.11 5 1  0.183 2 0.202 3 0.265 4 0.125 5 0.225
C17M7 17  10.84 5 1  0.328 2 0.019 3 0.173 4 0.451 5 0.029
C17M10 17  14.24 5 1  0.467 2 0.125 3 0.028 4 0.367 5 0.013
C17M13 17  20.95 5 1  0.047 2 0.031 3 0.225 4 0.647 5 0.050
C17M16 17  25.21 5 1  0.109 2 0.171 3 0.000 4 0.625 5 0.095
C17M19 17  30.82 5 1  0.085 2 0.641 3 0.019 4 0.073 5 0.182
C17M22 17  35.68 5 1  0.277 2 0.065 3 0.047 4 0.593 5 0.018
C17M25 17  40.08 5 1  0.000 2 0.063 3 0.283 4 0.311 5 0.343
C17M28 17  45.76 5 1  0.069 2 0.328 3 0.169 4 0.065 5 0.369
C17M31 17  50.91 5 1  0.008 2 0.365 3 0.039 4 0.026 5 0.562
C17M34 17  54.12 5 1  0.000 2 0.149 3 0.239 4 0.598 5 0.014
C17M37 17  60.05 5 1  0.022 2 0.477 3 0.128 4 0.135 5 0.238
C17M40 17  64.52 5 1  0.096 2 0.063 3 0.793 4 0.048 5 0.000
C17M43 17  69.40 5 1  0.105 2 0.037 3 0.727 4 0.023 5 0.108
C17M46 17  74.42 5 1  0.200 2 0.053 3 0.606 4 0.001 5 0.140
C17M49 17  80.60 5 1  0.428 2 0.206 3 0.072 4 0.039 5 0.255
C17M52 17  85.35 5 1  0.141 2 0.319 3 0.053 4 0.216 5 0.271
C17M55 17  90.25 5 1  0.073 2 0.000 3 0.023 4 0.685 5 0.219
C17M58 17  95.70 5 1  0.194 2 0.194 3 0.525 4 0.087 5 0.000
C17M61 17 100.02 5 1  0.150 2 0.066 3 0.018 4 0.703 5 0.063
C18M1 18   0.83 5 1  0.009 2 0.000 3 0.329 4 0.327 5 0.335
C18M4 18   5.87 5 1  0.018 2 0.238 3 0.147 4 0.597 5 0.000
C18M7 18  10.47 5 1  0.042 2 0.678 3 0.021 4 0.168 5 0.091
C18M10 18  14.75 5 1  0.340 2 0.061 3 0.140 4 0.372 5 0.087
C18M13 18  19.92 5 1  0.247 2 0.121 3 0.094 4 0.134 5 0.404
C18M16 18  25.37 5 1  0.008 2 0.004 3 0.364 4 0.466 5 0.158
C18M19 18  29.12 5 1  0.083 2 0.126 3 0.027 4 0.511 5 0.253
C18M22 18  34.11 5 1  0.400 2 0.049 3 0.203 4 0.217 5 0.131
C18M25 18  40.56 5 1  0.116 2 0.361 3 0.176 4 0.307 5 0.040
C18M28 18  44.26 5 1  0.509 2 0.157 3 0.025 4 0.198 5 0.111
C18M31 18  49.56 5 1  0.134 2 0.043 3 0.285 4 0.448 5 0.090
C18M34 18  54.60 5 1  0.282 2 0.059 3 0.620 4 0.011 5 0.028
C18M37 18  59.17 5 1  0.233 2 0.439 3 0.061 4 0.262 5 0.005
C18M40 18  64.88 5 1  0.335 2 0.249 3 0.142 4 0.257 5 0.017
C18M43 18  69.32 5 1  0.129 2 0.045 3 0.716 4 0.089 5 0.021
C18M46 18  74.90 5 1  0.024 2 0.000 3 0.903 4 0.026 5 0.047
C18M49 18  79.61 5 1  0.233 2 0.072 3 0.430 4 0.155 5 0.110
C18M52 18  85.79 5 1  0.263 2 0.169 3 0.015 4 0.534 5 0.019
C18M55 18  89.46 5 1  0.066 2 0.706 3 0.055 4 0.035 5 0.138
C18M58 18  94.25 5 1  0.019 2 0.152 3 0.623 4 0.158 5 0.048
C18M61 18  99.65 5 1  0.303 2 0.050 3 0.014 4 0.563 5 0.070
C19M1 19   0.54 5 1  0.040 2 0.597 3 0.201 4 0.022 5 0.140
C19M4 19   5.29 5 1  0.176 2 0.212 3 0.121 4 0.100 5 0.391
C19M7 19  10.59 5 1  0.301 2 0.144 3 0.177 4 0.041 5 0.337
C19M10 19  14.70 5 1  0.004 2 0.422 3 0.000 4 0.040 5 0.534
C19M13 19  20.19 5 1  0.033 2 0.171 3 0.077 4 0.109 5 0.610
C19M16 19  24.56 5 1  0.384 2 0.288 3 0.048 4 0.000 5 0.280
C19M19 19  30.70 5 1  0.058 2 0.141 3 0.020 4 0.083 5 0.698
C19M22 19  34.61 5 1  0.001 2 0.738 3 0.044 4 0.082 5 0.135
C19M25 19  40.87 5 1  0.300 2 0.000 3 0.087 4 0.605 5 0.008
C19M28 19  45.42 5 1  0.293 2 0.451 3 0.087 4 0.124 5 0.045
C19M31 19  49.60 5 1  0.119 2 0.223 3 0.497 4 0.035 5 0.126
C19M34 19  56.08 5 1  0.192 2 0.126 3 0.033 4 0.180 5 0.469
C19M37 19  60.51 5 1  0.120 2 0.284 3 0.148 4 0.230 5 0.218
C19M40 19  65.46 5 1  0.008 2 0.250 3 0.206 4 0.471 5 0.065
C19M43 19  69.78 5 1  0.233 2 0.194 3 0.095 4 0.001 5 0.477
C19M46 19  74.84 5 1  0.428 2 0.193 3 0.118 4 0.208 5 0.053
C19M49 19  79.78 5 1  0.086 2 0.457 3 0.120 4 0.177 5 0.160
C19M52 19  84.22 5 1  0.286 2 0.026 3 0.295 4 0.196 5 0.197
C19M55 19  89.23 5 1  0.054 2 0.017 3 0.044 4 0.853 5 0.032
C19M58 19  95.81 5 1  0.198 2 0.235 3 0.042 4 0.147 5 0.378
C19M61 19  99.77 5 1  0.429 2 0.215 3 0.145 4 0.054 5 0.157
C20M1 20   0.55 5 1  0.446 2 0.111 3 0.068 4 0.295 5 0.080
C20M4 20   5.38 5 1  0.025 2 0.379 3 0.000 4 0.433 5 0.163
C20M7 20   9.78 5 1  0.051 2 0.260 3 0.017 4 0.115 5 0.557
C20M10 20  15.81 5 1  0.072 2 0.091 3 0.205 4 0.286 5 0.346
C20M13 20  20.33 5 1  0.662 2 0.036 3 0.064 4 0.220 5 0.018
C20M16 20  25.14 5 1  0.052 2 0.110 3 0.056 4 0.227 5 0.555
C20M19 20  30.39 5 1  0.306 2 0.042 3 0.149 4 0.410 5 0.093
C20M22 20  35.14 5 1  0.092 2 0.304 3 0.356 4 0.169 5 0.079
C20M25 20  39.43 5 1  0.795 2 0.004 3 0.017 4 0.091 5 0.093
C20M28 20  44.93 5 1  0.224 2 0.331 3 0.044 4 0.014 5 0.387
C20M31 20  50.08 5 1  0.119 2 0.078 3 0.420 4 0.046 5 0.337
C20M34 20  54.73 5 1  0.048 2 0.309 3 0.423 4 0.165 5 0.055
C20M37 20  60.94 5 1  0.636 2 0.053 3 0.231 4 0.059 5 0.021
C20M40 20  65.85 5 1  0.106 2 0.225 3 0.600 4 0.040 5 0.029
C20M43 20  69.69 5 1  0.270 2 0.000 3 0.175 4 0.378 5 0.177
C20M46 20  75.79 5 1  0.002 2 0.027 3 0.480 4 0.154 5 0.337
C20M49 20  80.40 5 1  0.453 2 0.025 3 0.190 4 0.078 5 0.254
C20M52 20  85.45 5 1  0.180 2 0.056 3 0.236 4 0.271 5 0.257
C20M55 20  90.68 5 1  0.124 2 0.073 3 0.172 4 0.115 5 0.516
C20M58 20  95.42 5 1  0.049 2 0.195 3 0.069 4 0.319 5 0.368
C20M61 20  99.58 5 1  0.072 2 0.153 3 0.027 4 0.565 5 0.183
C21M1 21   0.40 5 1  0.687 2 0.003 3 0.080 4 0.157 5 0.073
C21M4 21   4.86 5 1  0.051 2 0.202 3 0.454 4 0.068 5 0.225
C21M7 21  10.69 5 1  0.366 2 0.169 3 0.024 4 0.013 5 0.428
C21M10 21  14.68 5 1  0.185 2 0.007 3 0.131 4 0.412 5 0.265
C21M13 21  20.98 5 1  0.419 2 0.115 3 0.283 4 0.152 5 0.031
C21M16 21  24.98 5 1  0.043 2 0.079 3 0.007 4 0.661 5 0.210
C21M19 21  30.93 5 1  0.280 2 0.000 3 0.467 4 0.125 5 0.128
C21M22 21  35.33 5 1  0.513 2 0.022 3 0.354 4 0.067 5 0.044
C21M25 21  39.84 5 1  0.053 2 0.013 3 0.501 4 0.384 5 0.049
C21M28 21  44.34 5 1  0.278 2 0.133 3 0.276 4 0.210 5 0.103
C21M31 21  50.76 5 1  0.009 2 0.681 3 0.067 4 0.021 5 0.222
C22M1 22   0.02 5 1  0.203 2 0.032 3 0.268 4 0.225 5 0.272
C22M4 22   4.94 5 1  0.136 2 0.732 3 0.117 4 0.015 5 0.000
C22M7 22  10.87 5 1  0.240 2 0.439 3 0.098 4 0.180 5 0.043
C22M10 22  14.88 5 1  0.262 2 0.376 3 0.130 4 0.000 5 0.232
C22M13 22  19.09 5 1  0.565 2 0.101 3 0.154 4 0.060 5 0.120
C22M16 22  25.58 5 1  0.161 2 0.248 3 0.279 4 0.214 5 0.098
C22M19 22  29.12 5 1  0.375 2 0.043 3 0.102 4 0.219 5 0.261
C22M22 22  35.77 5 1  0.034 2 0.033 3 0.046 4 0.788 5 0.099
C22M25 22  39.28 5 1  0.153 2 0.101 3 0.045 4 0.325 5 0.376
C22M28 22  44.85 5 1  0.111 2 0.334 3 0.324 4 0.156 5 0.075
C22M31 22  49.90 5 1  0.013 2 0.044 3 0.594 4 0.349 5 0.000
